	TEAM 	AGE GP 	W 	L 	MIN 	FGM 	FGA 	FG% 	3PM 	3PA 	3P% 	FTM 	FTA 	FT% 	OREB 	DREB 	REB 	AST 	TOV 	STL 	BLK 	PF 	   DD2 	TD3 PTS 	+/-
Stephen Curry
	GSW 	28 	75 	67 	8 	34.2 	10.1 	20.1 	50.2 	5.1 	11.2 	45.6 	4.6 	5.1 	90.4 	0.9 	4.5 	5.4 	6.7 	3.3 	2.2 	0.2 	2.0 	15 	2 	30.0 	13.0
Chris Paul
	LAC 	30 	72 	48 	24 	32.8 	7.1 	15.2 	46.5 	1.7 	4.5 	37.3 	4.0 	4.5 	89.5 	0.5 	3.7 	4.2 	9.9 	2.6 	2.1 	0.2 	2.5 	37 	0 	19.8 	7.2
Kyle Lowry
	TOR 	30 	74 	52 	22 	37.3 	6.7 	15.6 	43.0 	2.7 	7.1 	38.6 	5.3 	6.5 	81.6 	0.7 	4.1 	4.8 	6.4 	3.0 	2.1 	0.4 	2.8 	12 	1 	21.5 	5.1
Ricky Rubio
	MIN 	25 	72 	25 	47 	30.9 	3.0 	7.9 	37.5 	0.8 	2.6 	32.4 	3.6 	4.2 	85.5 	0.6 	3.8 	4.3 	8.7 	2.5 	2.1 	0.1 	2.7 	14 	0 	10.4 	0.3
Russell Westbrook
	OKC 	27 	78 	54 	24 	34.5 	8.3 	18.2 	45.5 	1.3 	4.2 	30.2 	5.8 	7.2 	81.2 	1.8 	6.0 	7.8 	10.4 	4.2 	2.1 	0.3 	2.5 	52 	17 	23.6 	7.8
Eric Bledsoe
	PHX 	26 	31 	12 	19 	34.2 	7.2 	15.9 	45.3 	1.5 	4.2 	37.2 	4.5 	5.5 	80.2 	0.6 	3.5 	4.0 	6.1 	3.5 	2.0 	0.6 	2.4 	3 	0 	20.4 	-1.6
Rajon Rondo
	SAC 	30 	72 	29 	43 	35.2 	4.9 	10.9 	45.4 	0.9 	2.4 	36.5 	1.2 	2.1 	58.0 	1.1 	5.0 	6.0 	11.7 	3.9 	2.0 	0.1 	2.4 	37 	6 	11.9 	-2.1
Trevor Ariza
	HOU 	30 	77 	37 	40 	35.5 	4.3 	10.6 	40.7 	2.3 	6.2 	36.6 	1.6 	2.0 	78.3 	0.8 	3.7 	4.5 	2.3 	1.4 	2.0 	0.3 	2.2 	1 	0 	12.5 	0.0
John Wall
	WAS 	25 	77 	37 	40 	36.2 	7.4 	17.5 	42.4 	1.5 	4.3 	35.1 	3.5 	4.5 	79.1 	0.5 	4.4 	4.9 	10.2 	4.1 	1.9 	0.8 	2.1 	49 	4 	19.9 	1.3
Paul George
	IND 	25 	78 	42 	36 	35.1 	7.6 	18.2 	41.6 	2.6 	7.1 	37.3 	5.6 	6.6 	85.9 	1.0 	6.1 	7.1 	4.0 	3.3 	1.9 	0.4 	2.9 	15 	0 	23.4 	2.2
Jae Crowder
	BOS 	25 	69 	41 	28 	31.9 	5.0 	11.3 	44.5 	1.7 	5.1 	34.1 	2.7 	3.3 	82.4 	0.9 	4.2 	5.2 	1.9 	1.2 	1.8 	0.5 	2.7 	5 	0 	14.5 	3.4
Kawhi Leonard
	SAS 	24 	69 	59 	10 	32.9 	7.6 	15.0 	50.8 	1.8 	4.1 	45.0 	4.0 	4.5 	88.7 	1.3 	5.6 	6.8 	2.5 	1.4 	1.8 	1.0 	1.8 	11 	0 	21.1 	9.8
Monta Ellis
	IND 	30 	78 	42 	36 	34.1 	5.4 	12.8 	42.6 	1.1 	3.5 	31.1 	2.0 	2.6 	79.0 	0.5 	2.9 	3.4 	4.8 	2.6 	1.8 	0.5 	2.2 	1 	0 	14.0 	1.2
Paul Millsap
	ATL 	31 	77 	46 	31 	32.6 	6.2 	13.1 	47.5 	0.9 	2.8 	31.8 	3.8 	5.1 	75.7 	2.4 	6.5 	8.9 	3.3 	2.3 	1.8 	1.6 	2.9 	29 	0 	17.1 	2.8
DeMarre Carroll
	TOR 	29 	23 	14 	9 	31.9 	4.3 	11.1 	38.8 	1.8 	4.8 	37.8 	1.2 	2.1 	58.3 	1.2 	3.6 	4.8 	1.0 	1.2 	1.7 	0.2 	2.5 	0 	0 	11.7 	0.3
James Harden
	HOU 	26 	78 	38 	40 	38.2 	8.5 	19.5 	43.4 	2.8 	7.9 	34.7 	8.9 	10.3 	86.4 	0.8 	5.5 	6.3 	7.5 	4.7 	1.7 	0.7 	2.8 	22 	3 	28.6 	0.7
Jimmy Butler
	CHI 	26 	63 	34 	29 	37.1 	7.0 	15.5 	45.4 	1.0 	3.1 	30.5 	5.9 	7.1 	82.7 	1.2 	4.2 	5.4 	4.6 	1.9 	1.7 	0.6 	1.9 	8 	1 	21.0 	-0.2
Nerlens Noel
	PHI 	21 	63 	10 	53 	28.9 	4.5 	8.6 	52.3 	0.0 	0.0 	100 	1.9 	3.3 	58.9 	2.3 	5.7 	8.0 	1.8 	2.4 	1.7 	1.5 	2.8 	13 	0 	11.0 	-7.1
Tony Allen
	MEM 	34 	63 	34 	29 	25.1 	3.3 	7.2 	45.5 	0.2 	0.7 	35.7 	1.3 	2.0 	62.8 	1.6 	3.0 	4.6 	1.1 	1.2 	1.7 	0.3 	2.7 	1 	0 	8.1 	-1.5
Avery Bradley
	BOS 	25 	72 	43 	29 	33.6 	6.0 	13.4 	44.3 	1.9 	5.4 	35.6 	1.3 	1.6 	79.5 	0.6 	2.2 	2.8 	2.1 	1.5 	1.6 	0.3 	2.1 	0 	0 	15.1 	2.8
Kemba Walker
	CHA 	25 	77 	44 	33 	36.0 	7.1 	16.6 	42.9 	2.3 	6.0 	37.8 	4.6 	5.5 	84.8 	0.7 	3.8 	4.5 	5.1 	2.1 	1.6 	0.4 	1.4 	3 	0 	21.2 	2.5
Khris Middleton
	MIL 	24 	76 	32 	44 	36.4 	6.4 	14.5 	44.1 	1.9 	4.6 	40.2 	3.5 	3.9 	88.3 	0.6 	3.3 	3.8 	4.1 	2.2 	1.6 	0.3 	2.6 	1 	0 	18.2 	-0.2
Robert Covington
	PHI 	25 	63 	10 	53 	27.8 	3.9 	10.2 	38.0 	2.3 	6.8 	34.0 	2.0 	2.5 	79.0 	1.0 	5.3 	6.2 	1.4 	2.1 	1.6 	0.6 	3.5 	6 	0 	12.0 	-4.4
Victor Oladipo
	ORL 	23 	71 	31 	40 	33.1 	5.9 	13.5 	43.7 	1.4 	4.0 	34.5 	2.9 	3.5 	83.0 	0.7 	4.1 	4.8 	4.0 	2.1 	1.6 	0.7 	2.4 	3 	1 	16.1 	-0.3
Briante Weber
	MEM 	23 	6 	2 	4 	27.7 	2.2 	6.3 	34.2 	0.0 	0.8 	0.0 	0.5 	0.7 	75.0 	1.3 	2.7 	4.0 	3.3 	1.5 	1.5 	0.5 	1.8 	0 	0 	4.8 	-12.0
DeMarcus Cousins
	SAC 	25 	64 	28 	36 	34.6 	9.3 	20.4 	45.4 	1.1 	3.2 	33.8 	7.4 	10.3 	72.1 	2.4 	9.1 	11.6 	3.3 	3.9 	1.5 	1.4 	3.6 	47 	1 	27.1 	0.8
Draymond Green
	GSW 	26 	77 	69 	8 	34.8 	4.9 	10.1 	48.2 	1.2 	3.2 	38.1 	2.9 	4.2 	69.7 	1.7 	7.9 	9.6 	7.5 	3.2 	1.5 	1.4 	3.0 	32 	13 	13.9 	13.2
Jordan Adams
	MEM 	21 	2 	0 	2 	7.3 	1.0 	3.0 	33.3 	0.0 	0.5 	0.0 	1.5 	2.5 	60.0 	0.0 	1.0 	1.0 	1.5 	1.0 	1.5 	0.0 	1.0 	0 	0 	3.5 	2.0
Marcus Smart
	BOS 	22 	57 	34 	23 	27.2 	3.1 	8.8 	35.1 	1.0 	4.1 	24.6 	2.0 	2.6 	76.8 	1.2 	3.0 	4.3 	3.0 	1.3 	1.5 	0.3 	3.1 	2 	1 	9.2 	1.5
Michael Carter-Williams
	MIL 	24 	54 	21 	33 	30.5 	4.6 	10.3 	45.2 	0.3 	1.0 	27.3 	2.0 	3.0 	66.3 	0.9 	4.2 	5.1 	5.2 	2.8 	1.5 	0.8 	3.0 	6 	0 	11.5 	-2.4
Thaddeus Young
	BKN 	27 	73 	21 	52 	33.0 	6.8 	13.2 	51.4 	0.1 	0.4 	23.3 	1.4 	2.2 	64.4 	2.4 	6.6 	9.0 	1.9 	1.9 	1.5 	0.5 	2.5 	28 	0 	15.1 	-3.2
Andre Drummond
	DET 	22 	79 	42 	37 	33.0 	6.9 	13.2 	52.5 	0.0 	0.1 	33.3 	2.6 	7.3 	35.5 	4.9 	10.0 	14.9 	0.8 	1.9 	1.4 	1.4 	3.0 	66 	0 	16.4 	1.6
Jordan Farmar
	MEM 	29 	8 	2 	6 	24.9 	3.9 	8.9 	43.7 	1.4 	4.0 	34.4 	1.3 	1.3 	100 	0.1 	1.5 	1.6 	3.4 	1.4 	1.4 	0.1 	1.8 	0 	0 	10.4 	-3.6
Jrue Holiday
	NOP 	25 	65 	27 	38 	28.2 	6.3 	14.4 	43.9 	1.3 	4.0 	33.6 	2.8 	3.3 	84.3 	0.4 	2.6 	3.0 	6.0 	2.6 	1.4 	0.3 	2.3 	5 	0 	16.8 	0.4
Kentavious Caldwell-Pope
	DET 	23 	74 	40 	34 	36.7 	5.3 	12.6 	41.8 	1.5 	4.9 	30.6 	2.5 	3.1 	81.4 	0.9 	2.8 	3.7 	1.9 	1.4 	1.4 	0.2 	2.2 	1 	0 	14.5 	2.1
LeBron James
	CLE 	31 	74 	55 	19 	35.6 	9.6 	18.7 	51.4 	1.1 	3.7 	29.3 	4.7 	6.5 	72.8 	1.4 	6.0 	7.5 	6.8 	3.3 	1.4 	0.6 	1.9 	28 	3 	25.0 	8.1
Mario Chalmers
	MEM 	29 	61 	38 	23 	22.5 	3.0 	7.3 	41.0 	0.8 	2.4 	30.9 	3.6 	4.3 	83.2 	0.4 	2.2 	2.6 	3.8 	1.8 	1.4 	0.2 	3.0 	0 	0 	10.3 	1.3
Otto Porter
	WAS 	22 	71 	33 	38 	30.7 	4.6 	9.8 	47.4 	1.3 	3.6 	36.2 	1.3 	1.7 	74.8 	1.3 	4.0 	5.3 	1.7 	1.0 	1.4 	0.4 	2.2 	5 	0 	11.9 	0.5
Rondae Hollis-Jefferson
	BKN 	21 	26 	7 	19 	20.9 	2.0 	4.4 	45.2 	0.1 	0.4 	27.3 	1.2 	1.7 	70.5 	1.4 	3.9 	5.3 	1.5 	1.0 	1.4 	0.4 	2.2 	2 	0 	5.3 	-2.1
Anthony Davis
	NOP 	23 	61 	24 	37 	35.5 	9.2 	18.6 	49.3 	0.6 	1.8 	32.4 	5.3 	7.0 	75.8 	2.1 	8.1 	10.3 	1.9 	2.0 	1.3 	2.0 	2.4 	36 	0 	24.3 	-3.3
Gary Harris
	DEN 	21 	73 	30 	43 	32.1 	4.7 	10.1 	47.1 	1.4 	3.9 	35.7 	1.4 	1.7 	81.1 	0.7 	2.2 	2.9 	1.9 	1.3 	1.3 	0.2 	1.9 	0 	0 	12.3 	-2.9
Kent Bazemore
	ATL 	26 	72 	43 	29 	27.9 	4.2 	9.6 	43.9 	1.4 	4.0 	35.5 	1.6 	2.0 	80.6 	0.4 	4.6 	5.0 	2.3 	1.8 	1.3 	0.5 	2.3 	1 	0 	11.4 	1.3
PJ Tucker
	PHX 	30 	78 	20 	58 	30.9 	2.8 	6.9 	40.4 	0.8 	2.5 	32.6 	1.2 	1.6 	73.8 	1.9 	4.1 	6.1 	2.1 	1.3 	1.3 	0.3 	2.4 	5 	0 	7.6 	-4.9
Patrick Beverley
	HOU 	27 	67 	32 	35 	28.5 	3.6 	8.4 	43.0 	1.7 	4.3 	40.5 	0.8 	1.2 	67.9 	1.0 	2.4 	3.4 	3.1 	1.3 	1.3 	0.4 	3.3 	1 	0 	9.7 	1.3
Rudy Gay
	SAC 	29 	67 	27 	40 	33.9 	6.7 	14.3 	46.6 	1.1 	3.1 	34.5 	2.8 	3.6 	78.2 	1.4 	5.0 	6.4 	1.7 	1.9 	1.3 	0.6 	2.6 	6 	0 	17.2 	-1.1
Tyreke Evans
	NOP 	26 	25 	11 	14 	30.6 	5.4 	12.6 	43.3 	1.3 	3.4 	38.8 	3.0 	3.7 	79.6 	0.8 	4.4 	5.2 	6.6 	2.9 	1.3 	0.3 	2.6 	6 	0 	15.2 	-0.6
Brandon Knight
	PHX 	24 	52 	16 	36 	36.0 	7.1 	17.2 	41.5 	2.3 	6.8 	34.2 	3.0 	3.5 	85.2 	0.7 	3.2 	3.9 	5.1 	3.4 	1.2 	0.4 	2.4 	4 	1 	19.6 	-4.0
CJ McCollum
	POR 	24 	78 	43 	35 	34.9 	8.0 	18.0 	44.8 	2.5 	5.9 	42.0 	2.3 	2.8 	82.5 	0.6 	2.7 	3.3 	4.2 	2.5 	1.2 	0.3 	2.3 	2 	0 	20.9 	1.8
Derrick Favors
	UTA 	24 	60 	30 	30 	32.0 	6.8 	13.2 	51.6 	0.0 	0.1 	0.0 	3.0 	4.2 	71.2 	2.8 	5.4 	8.2 	1.6 	1.7 	1.2 	1.4 	2.5 	18 	0 	16.6 	1.8
Elfrid Payton
	ORL 	22 	69 	30 	39 	29.4 	4.4 	10.1 	43.8 	0.4 	1.2 	34.1 	1.5 	2.4 	60.4 	1.1 	2.5 	3.6 	6.3 	2.4 	1.2 	0.3 	2.2 	12 	1 	10.7 	-1.1
Evan Fournier
	ORL 	23 	75 	31 	44 	32.2 	5.3 	11.7 	45.8 	2.0 	5.0 	39.5 	2.4 	2.9 	83.5 	0.4 	2.4 	2.8 	2.6 	1.7 	1.2 	0.0 	2.7 	0 	0 	15.1 	-2.6
Giannis Antetokounmpo
	MIL 	21 	76 	31 	45 	35.4 	6.4 	12.7 	50.7 	0.3 	1.2 	22.6 	3.7 	5.1 	72.0 	1.4 	6.2 	7.6 	4.3 	2.5 	1.2 	1.4 	3.2 	21 	5 	16.8 	-1.9
Gordon Hayward
	UTA 	26 	76 	37 	39 	36.0 	6.4 	14.9 	43.1 	1.8 	5.1 	35.2 	5.0 	6.0 	82.7 	0.8 	4.1 	4.8 	3.7 	2.5 	1.2 	0.3 	2.3 	3 	0 	19.6 	1.3
Gorgui Dieng
	MIN 	26 	78 	26 	52 	27.0 	3.7 	7.0 	53.0 	0.1 	0.2 	23.5 	2.4 	2.9 	82.7 	1.9 	5.2 	7.1 	1.7 	1.7 	1.2 	1.2 	2.7 	13 	0 	9.9 	-0.6
Jeff Teague
	ATL 	27 	75 	45 	30 	28.5 	5.4 	12.5 	43.1 	1.4 	3.5 	39.4 	3.3 	3.9 	84.0 	0.4 	2.3 	2.8 	5.9 	2.7 	1.2 	0.3 	2.1 	4 	0 	15.4 	0.9
Mike Conley
	MEM 	28 	56 	33 	23 	31.4 	5.3 	12.4 	42.2 	1.4 	3.8 	36.3 	3.4 	4.1 	83.4 	0.5 	2.5 	2.9 	6.1 	1.5 	1.2 	0.3 	1.8 	4 	0 	15.3 	1.1
O.J. Mayo
	MIL 	28 	41 	17 	24 	26.6 	2.9 	7.8 	37.1 	1.3 	4.0 	32.1 	0.8 	1.0 	77.5 	0.3 	2.2 	2.6 	2.9 	1.8 	1.2 	0.2 	3.1 	0 	0 	7.8 	-1.4
Ronnie Price
	PHX 	32 	58 	17 	41 	19.1 	1.9 	4.8 	38.7 	1.1 	3.1 	34.6 	0.5 	0.7 	75.6 	0.4 	1.2 	1.6 	2.2 	1.1 	1.2 	0.2 	2.6 	0 	0 	5.3 	-1.6
Shane Larkin
	BKN 	23 	74 	20 	54 	22.0 	2.8 	6.3 	44.0 	0.5 	1.4 	35.0 	1.1 	1.3 	78.8 	0.3 	1.9 	2.2 	4.3 	1.8 	1.2 	0.1 	1.6 	0 	0 	7.1 	-4.4
TJ McConnell
	PHI 	24 	77 	10 	67 	19.8 	2.7 	5.8 	47.2 	0.4 	1.1 	33.7 	0.3 	0.5 	63.4 	0.5 	2.6 	3.1 	4.4 	1.7 	1.2 	0.1 	1.4 	0 	0 	6.1 	-3.0
Andre Iguodala
	GSW 	32 	61 	55 	6 	26.7 	2.8 	5.8 	48.4 	0.9 	2.4 	35.4 	0.8 	1.3 	61.7 	0.8 	3.2 	4.0 	3.4 	1.2 	1.1 	0.3 	1.6 	1 	0 	7.2 	7.0
Corey Brewer
	HOU 	30 	78 	38 	40 	20.7 	2.6 	6.9 	38.1 	0.8 	2.8 	27.7 	1.3 	1.8 	75.4 	0.5 	2.0 	2.5 	1.3 	0.9 	1.1 	0.2 	2.1 	0 	0 	7.4 	-1.4
Courtney Lee
	CHA 	30 	75 	46 	29 	29.8 	3.7 	8.1 	46.0 	1.0 	2.7 	38.0 	1.3 	1.5 	83.6 	0.4 	2.2 	2.6 	1.7 	0.9 	1.1 	0.4 	1.7 	0 	0 	9.8 	1.7
D'Angelo Russell
	LAL 	20 	76 	16 	60 	27.9 	4.9 	12.0 	40.9 	1.6 	4.7 	35.2 	1.6 	2.2 	72.0 	0.6 	2.8 	3.4 	3.3 	2.4 	1.1 	0.2 	1.7 	1 	0 	13.1 	-6.4
DeMar DeRozan
	TOR 	26 	75 	51 	24 	36.2 	7.9 	17.7 	44.6 	0.6 	1.8 	34.6 	7.3 	8.6 	84.8 	0.8 	3.7 	4.5 	4.0 	2.3 	1.1 	0.3 	2.2 	3 	0 	23.7 	2.2
Dion Waiters
	OKC 	24 	75 	52 	23 	27.6 	3.7 	9.0 	40.7 	1.1 	3.0 	36.4 	1.3 	1.9 	70.6 	0.5 	2.1 	2.6 	1.9 	1.5 	1.1 	0.2 	1.9 	0 	0 	9.8 	2.7
Dwyane Wade
	MIA 	34 	69 	40 	29 	30.5 	7.3 	16.0 	45.6 	0.1 	0.6 	17.9 	4.5 	5.7 	79.0 	1.1 	3.0 	4.1 	4.7 	2.8 	1.1 	0.6 	1.6 	2 	0 	19.2 	0.0
George Hill
	IND 	29 	71 	39 	32 	34.3 	4.4 	10.0 	43.6 	1.7 	4.2 	39.9 	1.6 	2.1 	76.2 	0.8 	3.3 	4.1 	3.5 	1.4 	1.1 	0.2 	2.0 	0 	0 	12.0 	1.0
Isaiah Thomas
	BOS 	27 	78 	46 	32 	32.5 	7.3 	17.0 	42.8 	2.1 	5.8 	35.8 	5.8 	6.6 	87.4 	0.6 	2.4 	3.0 	6.3 	2.7 	1.1 	0.1 	2.1 	7 	0 	22.4 	4.1
Ish Smith
	PHI 	27 	73 	16 	57 	28.6 	5.1 	12.5 	40.6 	0.6 	2.1 	30.9 	1.5 	2.2 	69.3 	0.5 	3.3 	3.9 	6.5 	2.2 	1.1 	0.3 	1.7 	12 	0 	12.4 	-4.6
J.R. Smith
	CLE 	30 	75 	52 	23 	30.6 	4.6 	11.1 	41.5 	2.6 	6.6 	40.0 	0.6 	0.9 	64.7 	0.6 	2.2 	2.8 	1.7 	0.8 	1.1 	0.3 	2.7 	1 	0 	12.4 	3.8
Jarrett Jack
	BKN 	32 	32 	10 	22 	32.1 	4.4 	11.2 	39.1 	1.0 	3.2 	30.4 	3.1 	3.5 	89.3 	0.3 	4.0 	4.3 	7.4 	2.9 	1.1 	0.2 	2.4 	6 	0 	12.8 	-4.1
Jordan Clarkson
	LAL 	23 	75 	16 	59 	32.2 	6.0 	13.9 	43.0 	1.4 	3.9 	34.7 	2.1 	2.6 	80.1 	1.2 	2.7 	3.9 	2.4 	1.7 	1.1 	0.1 	2.2 	1 	0 	15.4 	-7.8
Manu Ginobili
	SAS 	38 	56 	47 	9 	19.5 	3.4 	7.5 	45.5 	1.2 	3.1 	39.2 	1.6 	1.9 	81.5 	0.4 	2.1 	2.6 	3.1 	1.7 	1.1 	0.2 	1.7 	0 	0 	9.7 	5.8
Thabo Sefolosha
	ATL 	31 	71 	40 	31 	23.4 	2.6 	5.0 	51.5 	0.6 	1.7 	34.5 	0.8 	1.3 	64.5 	0.7 	3.8 	4.5 	1.4 	0.9 	1.1 	0.5 	1.5 	1 	0 	6.6 	-0.3
Toney Douglas
	NOP 	30 	57 	21 	36 	19.7 	2.7 	6.8 	39.5 	1.3 	3.2 	39.6 	1.1 	1.4 	82.3 	0.4 	1.9 	2.3 	2.5 	1.0 	1.1 	0.1 	2.1 	1 	0 	7.8 	-1.9
Wesley Johnson
	LAC 	28 	77 	49 	28 	20.7 	2.6 	6.4 	40.2 	1.2 	3.9 	32.3 	0.4 	0.6 	65.2 	0.5 	2.7 	3.2 	0.6 	0.7 	1.1 	0.7 	2.2 	0 	0 	6.8 	1.4
Andrew Goudelock
	HOU 	27 	4 	2 	2 	8.0 	1.8 	3.0 	58.3 	0.3 	1.0 	25.0 	0.0 	0.0 	0.0 	0.3 	0.0 	0.3 	0.8 	0.5 	1.0 	0.3 	1.0 	0 	0 	3.8 	3.3
Andrew Wiggins
	MIN 	21 	77 	26 	51 	35.3 	7.4 	16.1 	45.9 	0.7 	2.4 	30.1 	5.3 	7.0 	75.8 	1.3 	2.3 	3.6 	2.1 	2.3 	1.0 	0.6 	2.0 	1 	0 	20.8 	-1.1
Bradley Beal
	WAS 	22 	53 	27 	26 	31.3 	6.6 	14.6 	44.9 	1.9 	5.0 	38.3 	2.5 	3.2 	77.6 	0.7 	2.7 	3.4 	3.0 	2.0 	1.0 	0.2 	2.2 	0 	0 	17.5 	0.0
Chris McCullough
	BKN 	21 	20 	7 	13 	14.0 	1.5 	4.0 	36.3 	0.4 	1.2 	33.3 	0.5 	0.7 	71.4 	0.9 	1.8 	2.6 	0.3 	0.6 	1.0 	0.5 	1.8 	0 	0 	3.8 	-3.7
Danny Green
	SAS 	28 	75 	63 	12 	26.1 	2.7 	7.1 	37.6 	1.5 	4.4 	33.2 	0.5 	0.6 	75.6 	0.6 	3.3 	3.9 	1.8 	0.9 	1.0 	0.8 	1.7 	0 	0 	7.2 	6.6
Darren Collison
	SAC 	28 	72 	28 	44 	29.8 	5.0 	10.4 	48.1 	1.1 	2.9 	39.4 	2.6 	3.0 	85.4 	0.4 	1.9 	2.3 	4.2 	1.7 	1.0 	0.1 	1.9 	4 	0 	13.7 	-0.8
Deron Williams
	DAL 	31 	62 	30 	32 	32.3 	4.9 	11.9 	41.1 	1.5 	4.3 	34.8 	2.7 	3.1 	87.2 	0.3 	2.6 	2.9 	5.8 	2.3 	1.0 	0.2 	2.4 	4 	0 	14.0 	0.3
Dwight Howard
	HOU 	30 	67 	31 	36 	32.3 	5.2 	8.4 	61.7 	0.0 	0.1 	0.0 	3.4 	6.9 	48.6 	3.4 	8.4 	11.9 	1.4 	2.4 	1.0 	1.6 	3.2 	37 	0 	13.8 	-0.4
Emmanuel Mudiay
	DEN 	20 	65 	28 	37 	30.1 	4.6 	13.1 	35.5 	1.0 	3.3 	31.0 	2.1 	3.2 	66.5 	0.5 	2.9 	3.4 	5.5 	3.2 	1.0 	0.5 	2.1 	4 	0 	12.4 	-1.9
Eric Gordon
	NOP 	27 	45 	14 	31 	32.9 	5.1 	12.3 	41.8 	2.5 	6.5 	38.4 	2.5 	2.8 	88.8 	0.2 	2.0 	2.2 	2.7 	1.6 	1.0 	0.3 	2.2 	0 	0 	15.2 	-1.6
Evan Turner
	BOS 	27 	77 	45 	32 	28.0 	4.2 	9.2 	45.6 	0.2 	1.0 	22.8 	1.9 	2.3 	82.8 	0.6 	4.3 	4.9 	4.4 	2.1 	1.0 	0.4 	1.7 	4 	0 	10.5 	1.2
Goran Dragic
	MIA 	29 	67 	41 	26 	32.9 	5.7 	11.9 	47.4 	0.9 	2.9 	32.3 	1.7 	2.4 	71.5 	0.6 	3.1 	3.7 	5.9 	2.6 	1.0 	0.2 	2.6 	4 	0 	13.9 	3.0
Iman Shumpert
	CLE 	25 	54 	39 	15 	24.4 	2.1 	5.6 	37.4 	0.8 	2.7 	29.5 	0.7 	0.9 	78.4 	0.6 	3.2 	3.8 	1.7 	1.1 	1.0 	0.4 	2.2 	1 	0 	5.8 	3.4
Kevin Durant
	OKC 	27 	70 	51 	19 	35.9 	9.7 	19.1 	50.7 	2.5 	6.5 	38.4 	6.2 	6.9 	89.7 	0.6 	7.6 	8.3 	5.0 	3.5 	1.0 	1.2 	1.9 	27 	1 	28.1 	8.8
Kyrie Irving
	CLE 	24 	51 	36 	15 	31.1 	7.4 	16.4 	45.0 	1.5 	4.9 	31.3 	3.3 	3.7 	88.3 	0.8 	2.1 	2.9 	4.6 	2.2 	1.0 	0.3 	2.0 	1 	0 	19.5 	3.7
Luol Deng
	MIA 	30 	69 	42 	27 	32.1 	4.5 	10.1 	45.0 	1.2 	3.4 	34.9 	2.0 	2.6 	76.1 	1.5 	4.5 	6.0 	1.8 	1.0 	1.0 	0.4 	1.6 	11 	0 	12.2 	0.2
Marc Gasol
	MEM 	31 	52 	30 	22 	34.4 	6.3 	13.6 	46.4 	0.0 	0.1 	66.7 	3.9 	4.7 	82.9 	1.1 	5.8 	7.0 	3.8 	2.3 	1.0 	1.3 	2.7 	9 	1 	16.6 	0.2
Matt Barnes
	MEM 	36 	72 	38 	34 	28.5 	3.4 	9.0 	38.4 	1.6 	4.8 	32.8 	1.4 	1.7 	80.8 	1.1 	4.3 	5.4 	2.1 	1.6 	1.0 	0.8 	3.1 	6 	1 	9.9 	-2.4
Nikola Jokic
	DEN 	21 	77 	30 	47 	21.2 	3.8 	7.4 	50.7 	0.4 	1.0 	34.6 	1.9 	2.3 	80.4 	2.2 	4.6 	6.8 	2.3 	1.3 	1.0 	0.6 	2.6 	14 	0 	9.8 	1.0
Wesley Matthews
	DAL 	29 	74 	38 	36 	33.7 	4.3 	10.9 	38.9 	2.4 	6.7 	36.1 	1.6 	1.9 	85.7 	0.4 	2.8 	3.1 	1.9 	1.0 	1.0 	0.2 	2.3 	0 	0 	12.5 	1.2
Al-Farouq Aminu
	POR 	25 	80 	43 	37 	28.6 	3.7 	8.8 	41.4 	1.5 	4.2 	36.0 	1.4 	1.9 	73.4 	1.2 	5.0 	6.2 	1.7 	1.4 	0.9 	0.7 	2.1 	8 	0 	10.2 	0.8
Alonzo Gee
	NOP 	28 	73 	27 	46 	22.4 	1.8 	3.5 	51.8 	0.2 	0.8 	28.3 	0.6 	0.9 	66.7 	0.8 	2.5 	3.4 	1.0 	0.8 	0.9 	0.2 	2.3 	0 	0 	4.5 	-2.7
CJ Miles
	IND 	29 	62 	33 	29 	23.0 	4.0 	9.9 	40.7 	2.2 	6.0 	36.7 	1.5 	2.0 	74.4 	0.4 	2.4 	2.8 	1.0 	1.1 	0.9 	0.5 	2.2 	0 	0 	11.8 	-0.1
Carmelo Anthony
	NYK 	31 	70 	31 	39 	35.4 	7.9 	18.2 	43.4 	1.5 	4.3 	34.0 	4.6 	5.6 	82.7 	1.4 	6.4 	7.8 	4.2 	2.5 	0.9 	0.5 	2.5 	22 	0 	21.9 	-0.5
Dennis Schroder
	ATL 	22 	76 	45 	31 	20.4 	4.2 	9.8 	42.7 	1.0 	3.0 	32.4 	1.9 	2.3 	81.1 	0.3 	2.3 	2.6 	4.4 	2.3 	0.9 	0.1 	1.7 	2 	0 	11.2 	3.1
Devin Harris
	DAL 	33 	61 	33 	28 	20.0 	2.6 	5.9 	44.7 	0.8 	2.4 	32.0 	1.6 	2.1 	72.5 	0.3 	1.8 	2.1 	1.9 	1.0 	0.9 	0.2 	1.9 	0 	0 	7.6 	-1.4
Garrett Temple
	WAS 	29 	76 	37 	39 	24.7 	2.5 	6.4 	39.6 	1.1 	3.3 	34.0 	1.1 	1.6 	72.3 	0.5 	2.2 	2.6 	1.8 	0.7 	0.9 	0.2 	2.5 	0 	0 	7.3 	-0.5
Greg Monroe
	MIL 	25 	76 	32 	44 	29.6 	6.3 	12.1 	51.9 	0.0 	0.0 	0.0 	2.9 	3.9 	73.9 	2.8 	6.1 	8.9 	2.3 	1.6 	0.9 	0.9 	2.1 	32 	0 	15.4 	-1.1
Ian Mahinmi
	IND 	29 	68 	39 	29 	25.7 	3.7 	6.2 	59.0 	0.0 	0.0 	0.0 	1.9 	3.2 	58.4 	2.0 	5.2 	7.2 	1.5 	1.4 	0.9 	1.1 	3.1 	9 	0 	9.2 	1.2
Jabari Parker
	MIL 	21 	72 	31 	41 	31.8 	5.8 	11.6 	49.5 	0.1 	0.4 	24.1 	2.3 	3.0 	77.1 	1.6 	3.6 	5.2 	1.8 	1.5 	0.9 	0.4 	2.0 	6 	0 	13.9 	-2.3
Jared Dudley
	WAS 	30 	77 	37 	40 	26.0 	2.8 	6.0 	47.0 	1.3 	3.0 	42.0 	0.9 	1.2 	72.8 	0.6 	2.8 	3.4 	2.0 	1.0 	0.9 	0.2 	2.3 	0 	0 	7.8 	0.1
Jared Sullinger
	BOS 	24 	77 	45 	32 	24.0 	4.4 	10.0 	43.7 	0.4 	1.3 	28.3 	1.3 	2.1 	64.8 	2.5 	6.1 	8.6 	2.3 	1.3 	0.9 	0.6 	2.6 	25 	0 	10.5 	2.9
Jerryd Bayless
	MIL 	27 	52 	21 	31 	28.9 	3.6 	8.4 	42.3 	1.9 	4.4 	43.7 	1.3 	1.7 	77.8 	0.4 	2.3 	2.7 	3.1 	1.4 	0.9 	0.2 	2.1 	1 	0 	10.4 	-3.6
Jordan Hamilton
	NOP 	25 	7 	3 	4 	27.8 	4.7 	10.4 	45.2 	0.9 	3.3 	26.1 	1.0 	1.6 	63.6 	1.4 	5.0 	6.4 	2.4 	1.4 	0.9 	0.3 	2.1 	1 	0 	11.3 	-2.4
Jose Calderon
	NYK 	34 	72 	29 	43 	28.1 	2.9 	6.3 	45.9 	1.2 	2.8 	41.4 	0.6 	0.7 	87.5 	0.3 	2.9 	3.2 	4.1 	1.2 	0.9 	0.1 	1.9 	1 	0 	7.6 	-1.0
Kobe Bryant
	LAL 	37 	62 	12 	50 	28.3 	5.8 	16.4 	35.3 	1.9 	6.7 	28.1 	3.3 	4.1 	81.4 	0.7 	3.2 	3.8 	2.8 	1.9 	0.9 	0.2 	1.8 	2 	0 	16.8 	-8.5
Langston Galloway
	NYK 	24 	79 	31 	48 	24.6 	2.8 	7.1 	40.1 	1.0 	2.7 	35.3 	1.1 	1.4 	74.8 	0.5 	3.0 	3.5 	2.5 	0.7 	0.9 	0.3 	2.2 	1 	0 	7.7 	-1.4
Lou Williams
	LAL 	29 	67 	14 	53 	28.5 	4.2 	10.3 	40.8 	1.6 	4.8 	34.4 	5.3 	6.3 	83.0 	0.5 	2.1 	2.5 	2.5 	1.6 	0.9 	0.3 	1.6 	0 	0 	15.3 	-6.0
Markieff Morris
	WAS 	26 	62 	21 	41 	25.4 	4.7 	11.1 	42.2 	0.7 	2.3 	30.3 	1.6 	2.2 	73.2 	1.1 	4.4 	5.5 	2.0 	2.2 	0.9 	0.5 	2.8 	2 	0 	11.7 	-1.2
Nene
	WAS 	33 	54 	26 	28 	19.0 	3.6 	6.6 	54.4 	0.0 	0.1 	0.0 	1.8 	3.1 	56.2 	0.9 	3.6 	4.5 	1.6 	1.3 	0.9 	0.4 	2.7 	1 	0 	8.9 	-0.1
Nicolas Batum
	CHA 	27 	67 	39 	28 	35.4 	5.4 	12.6 	42.6 	2.0 	5.8 	35.1 	2.4 	2.8 	84.7 	0.8 	5.4 	6.2 	5.8 	2.9 	0.9 	0.6 	1.6 	11 	2 	15.2 	2.6
Pablo Prigioni
	LAC 	38 	55 	34 	21 	13.0 	0.8 	2.2 	37.2 	0.5 	1.5 	30.5 	0.1 	0.1 	80.0 	0.6 	1.1 	1.8 	2.0 	0.8 	0.9 	0.0 	1.3 	0 	0 	2.2 	-1.4
Rodney Hood
	UTA 	23 	75 	38 	37 	32.1 	5.3 	12.3 	42.8 	2.1 	5.7 	36.5 	2.2 	2.6 	86.6 	0.5 	2.9 	3.3 	2.7 	1.6 	0.9 	0.2 	2.6 	0 	0 	14.8 	1.9
Tobias Harris
	DET 	23 	74 	36 	38 	33.0 	5.5 	11.7 	47.2 	1.0 	3.1 	32.9 	2.6 	3.1 	82.3 	1.3 	5.4 	6.7 	2.2 	1.5 	0.9 	0.5 	2.0 	12 	0 	14.6 	0.0
Zaza Pachulia
	DAL 	32 	72 	38 	34 	26.5 	2.9 	6.4 	46.3 	0.0 	0.0 	0.0 	2.9 	3.7 	77.2 	3.3 	6.3 	9.6 	1.7 	1.6 	0.9 	0.3 	2.4 	26 	0 	8.8 	0.4
Al Horford
	ATL 	29 	78 	46 	32 	32.1 	6.5 	12.8 	50.5 	1.1 	3.1 	34.7 	1.2 	1.6 	79.3 	1.8 	5.3 	7.2 	3.2 	1.3 	0.8 	1.5 	1.9 	16 	0 	15.2 	2.9
Allen Crabbe
	POR 	23 	79 	42 	37 	26.0 	3.8 	8.4 	45.6 	1.4 	3.5 	38.9 	1.2 	1.3 	86.8 	0.3 	2.4 	2.7 	1.2 	0.8 	0.8 	0.2 	2.4 	0 	0 	10.2 	0.5
Ben McLemore
	SAC 	23 	64 	26 	38 	20.8 	2.7 	6.4 	42.9 	0.9 	2.6 	36.4 	1.1 	1.5 	74.0 	0.5 	1.6 	2.0 	1.1 	1.4 	0.8 	0.1 	2.1 	0 	0 	7.5 	0.9
Brook Lopez
	BKN 	28 	73 	21 	52 	33.7 	8.1 	15.8 	51.1 	0.0 	0.2 	14.3 	4.3 	5.5 	78.7 	2.8 	5.1 	7.8 	2.0 	2.4 	0.8 	1.7 	2.9 	26 	0 	20.6 	-1.7
Chandler Parsons
	DAL 	27 	61 	29 	32 	29.5 	5.2 	10.7 	49.2 	1.7 	4.1 	41.4 	1.5 	2.2 	68.4 	0.5 	4.2 	4.7 	2.8 	1.6 	0.8 	0.3 	1.9 	3 	0 	13.7 	-0.1
Clint Capela
	HOU 	21 	73 	36 	37 	19.2 	3.0 	5.2 	57.8 	0.0 	0.0 	0.0 	1.1 	2.8 	38.6 	2.5 	3.8 	6.3 	0.6 	0.8 	0.8 	1.2 	2.5 	9 	0 	7.0 	0.9
Cody Zeller
	CHA 	23 	70 	40 	30 	24.6 	3.2 	6.1 	52.8 	0.0 	0.1 	10.0 	2.4 	3.2 	75.4 	1.9 	4.4 	6.3 	1.0 	1.0 	0.8 	0.8 	2.8 	5 	0 	8.9 	1.9
Cory Joseph
	TOR 	24 	76 	51 	25 	25.8 	3.2 	7.4 	43.7 	0.4 	1.4 	26.7 	1.7 	2.2 	77.0 	0.5 	2.1 	2.6 	3.1 	1.3 	0.8 	0.3 	1.7 	0 	0 	8.5 	3.4
Damian Lillard
	POR 	25 	73 	39 	34 	35.8 	8.2 	19.7 	41.7 	3.0 	8.1 	37.5 	5.6 	6.3 	89.1 	0.6 	3.4 	4.1 	6.8 	3.2 	0.8 	0.4 	2.2 	15 	0 	25.0 	1.2
Danilo Gallinari
	DEN 	27 	53 	22 	31 	34.7 	5.4 	13.2 	41.0 	1.6 	4.5 	36.4 	7.1 	8.2 	86.8 	1.0 	4.3 	5.3 	2.5 	1.5 	0.8 	0.4 	1.6 	3 	0 	19.5 	-1.9
Darrell Arthur
	DEN 	28 	69 	26 	43 	21.8 	3.2 	7.0 	45.5 	0.6 	1.6 	39.3 	0.6 	0.8 	75.5 	1.2 	3.0 	4.2 	1.4 	1.0 	0.8 	0.7 	2.6 	2 	0 	7.6 	-0.8
Justise Winslow
	MIA 	20 	74 	44 	30 	28.9 	2.5 	5.9 	42.5 	0.4 	1.5 	27.0 	1.1 	1.6 	67.8 	1.0 	4.1 	5.1 	1.6 	1.2 	0.8 	0.4 	2.4 	0 	0 	6.5 	1.5
Kyle Korver
	ATL 	35 	76 	44 	32 	30.0 	3.4 	7.8 	43.8 	2.0 	5.0 	39.9 	0.6 	0.7 	83.3 	0.2 	3.1 	3.3 	2.1 	1.2 	0.8 	0.4 	2.0 	0 	0 	9.4 	5.4
Larry Nance Jr.
	LAL 	23 	59 	13 	46 	20.1 	2.5 	4.8 	51.7 	0.0 	0.2 	11.1 	0.5 	0.7 	65.1 	1.6 	3.4 	5.0 	0.7 	0.7 	0.8 	0.4 	2.0 	3 	0 	5.5 	-1.9
Marcus Morris
	DET 	26 	78 	41 	37 	35.7 	5.1 	11.8 	43.3 	1.3 	3.7 	36.2 	2.5 	3.4 	74.9 	1.1 	3.9 	5.0 	2.5 	1.7 	0.8 	0.3 	2.1 	4 	0 	14.1 	1.8
Mason Plumlee
	POR 	26 	80 	43 	37 	25.4 	3.2 	6.3 	51.4 	0.0 	0.1 	0.0 	2.6 	4.1 	63.6 	2.5 	5.1 	7.6 	2.8 	1.9 	0.8 	1.0 	3.2 	14 	0 	9.1 	0.2
Nikola Mirotic
	CHI 	25 	62 	34 	28 	24.6 	3.6 	9.0 	40.2 	2.0 	5.1 	38.6 	2.2 	2.7 	80.8 	0.9 	4.7 	5.5 	1.5 	1.5 	0.8 	0.7 	2.2 	5 	0 	11.4 	0.7
Nikola Vucevic
	ORL 	25 	62 	27 	35 	31.5 	8.1 	16.1 	50.6 	0.0 	0.1 	22.2 	1.7 	2.3 	75.7 	2.7 	6.3 	9.0 	2.8 	1.9 	0.8 	1.1 	2.7 	29 	0 	18.0 	-0.4
Norris Cole
	NOP 	27 	45 	20 	25 	26.6 	4.4 	10.8 	40.5 	0.7 	2.3 	32.4 	1.2 	1.4 	80.0 	0.2 	3.1 	3.4 	3.7 	1.7 	0.8 	0.1 	2.3 	2 	0 	10.6 	-2.3
Omri Casspi
	SAC 	27 	69 	27 	42 	27.3 	4.3 	9.0 	48.1 	1.6 	4.0 	40.9 	1.5 	2.3 	64.8 	0.8 	5.1 	5.9 	1.4 	1.4 	0.8 	0.2 	2.2 	6 	0 	11.8 	0.1
Phil Pressey
	PHX 	25 	23 	3 	20 	12.3 	1.3 	3.4 	38.5 	0.2 	0.8 	22.2 	0.6 	1.1 	52.0 	0.1 	1.2 	1.3 	3.3 	1.4 	0.8 	0.2 	1.2 	0 	0 	3.3 	-1.7
Raul Neto
	UTA 	23 	77 	39 	38 	18.8 	2.2 	5.2 	43.0 	0.8 	2.0 	40.8 	0.6 	0.9 	72.7 	0.2 	1.3 	1.5 	2.1 	1.4 	0.8 	0.0 	1.6 	0 	0 	5.9 	0.8
Raymond Felton
	DAL 	31 	76 	38 	38 	27.2 	3.4 	8.3 	40.4 	0.7 	2.6 	28.4 	1.8 	2.1 	84.7 	0.4 	2.7 	3.2 	3.5 	1.5 	0.8 	0.2 	1.7 	2 	1 	9.2 	-0.9
Reggie Jackson
	DET 	25 	78 	42 	36 	30.6 	6.7 	15.7 	43.0 	1.5 	4.2 	34.7 	3.6 	4.2 	86.1 	0.7 	2.5 	3.2 	6.2 	2.8 	0.8 	0.1 	2.4 	9 	0 	18.6 	1.4
Rudy Gobert
	UTA 	23 	58 	32 	26 	32.0 	3.3 	5.9 	55.4 	0.0 	0.0 	0.0 	2.6 	4.6 	57.6 	3.4 	7.7 	11.1 	1.5 	1.9 	0.8 	2.2 	2.7 	19 	0 	9.2 	2.3
TJ Warren
	PHX 	22 	47 	14 	33 	22.8 	4.7 	9.4 	50.1 	0.6 	1.5 	40.0 	1.0 	1.4 	70.3 	1.2 	1.9 	3.1 	0.9 	0.7 	0.8 	0.3 	2.0 	1 	0 	11.0 	-2.4
Terrence Ross
	TOR 	25 	68 	49 	19 	24.0 	3.5 	8.3 	42.6 	1.8 	4.6 	38.6 	0.6 	0.8 	80.0 	0.3 	2.2 	2.4 	0.7 	0.6 	0.8 	0.4 	1.6 	0 	0 	9.5 	3.4
Tim Duncan
	SAS 	39 	58 	49 	9 	25.0 	3.4 	7.0 	49.0 	0.0 	0.0 	0.0 	1.5 	2.1 	71.9 	1.9 	5.5 	7.4 	2.7 	1.5 	0.8 	1.3 	2.1 	11 	0 	8.4 	7.6
Trevor Booker
	UTA 	28 	75 	38 	37 	20.6 	2.4 	4.9 	48.5 	0.1 	0.5 	26.3 	0.9 	1.3 	67.0 	2.1 	3.7 	5.9 	1.0 	1.1 	0.8 	0.5 	2.1 	4 	0 	5.8 	0.7
Ty Lawson
	IND 	28 	62 	28 	34 	21.2 	2.1 	5.3 	38.7 	0.5 	1.7 	32.7 	0.9 	1.3 	69.5 	0.3 	1.4 	1.8 	3.4 	1.4 	0.8 	0.1 	1.3 	1 	0 	5.6 	-2.7
Will Barton
	DEN 	25 	79 	32 	47 	28.6 	5.2 	12.1 	43.3 	1.4 	3.9 	35.3 	2.7 	3.3 	81.0 	0.7 	5.2 	5.9 	2.5 	1.7 	0.8 	0.5 	1.8 	6 	0 	14.5 	-1.4
Zach LaVine
	MIN 	21 	78 	26 	52 	28.0 	5.2 	11.7 	44.8 	1.4 	3.7 	38.8 	1.9 	2.5 	78.8 	0.3 	2.5 	2.8 	3.1 	1.9 	0.8 	0.2 	2.4 	0 	0 	13.9 	-3.8
Aaron Gordon
	ORL 	20 	77 	32 	45 	23.9 	3.4 	7.3 	47.2 	0.5 	1.8 	29.7 	1.6 	2.5 	66.7 	2.0 	4.5 	6.5 	1.6 	0.9 	0.7 	0.7 	2.0 	12 	0 	9.1 	-1.0
Andre Roberson
	OKC 	24 	67 	47 	20 	22.2 	1.9 	3.9 	48.5 	0.4 	1.5 	30.3 	0.5 	0.8 	63.5 	1.1 	2.4 	3.5 	0.7 	0.5 	0.7 	0.6 	1.9 	0 	0 	4.8 	3.8
Austin Rivers
	LAC 	23 	64 	40 	24 	21.8 	3.4 	7.6 	44.1 	0.9 	2.7 	33.5 	1.2 	1.7 	68.8 	0.3 	1.6 	2.0 	1.4 	0.9 	0.7 	0.1 	2.0 	0 	0 	8.8 	-2.4
Blake Griffin
	LAC 	27 	33 	20 	13 	33.7 	8.8 	17.4 	50.3 	0.2 	0.5 	33.3 	4.1 	5.6 	73.1 	1.5 	6.9 	8.4 	4.8 	2.3 	0.7 	0.5 	2.6 	12 	0 	21.8 	5.2
Bryce Dejean-Jones
	NOP 	23 	14 	8 	6 	19.9 	2.0 	4.9 	40.6 	0.9 	2.3 	37.5 	0.8 	1.5 	52.4 	0.6 	2.9 	3.4 	1.1 	0.8 	0.7 	0.1 	1.2 	0 	0 	5.6 	-2.8
Chris Bosh
	MIA 	32 	53 	29 	24 	33.5 	6.8 	14.5 	46.7 	1.5 	4.2 	36.5 	4.0 	5.1 	79.5 	0.9 	6.5 	7.4 	2.4 	1.5 	0.7 	0.6 	1.9 	15 	0 	19.1 	0.6
Cole Aldrich
	LAC 	27 	56 	38 	18 	12.7 	2.1 	3.6 	57.5 	0.0 	0.0 	0.0 	0.9 	1.4 	69.7 	1.4 	3.0 	4.4 	0.8 	1.1 	0.7 	1.1 	2.3 	1 	0 	5.1 	-0.9
DeAndre Jordan
	LAC 	27 	75 	49 	26 	33.8 	4.7 	6.7 	70.1 	0.0 	0.0 	0.0 	3.5 	7.9 	43.6 	3.5 	10.3 	13.8 	1.2 	1.4 	0.7 	2.3 	2.7 	48 	0 	12.8 	5.4
Derrick Rose
	CHI 	27 	64 	31 	33 	31.7 	6.8 	15.9 	42.7 	0.7 	2.3 	29.7 	2.2 	2.7 	79.4 	0.7 	2.7 	3.4 	4.8 	2.7 	0.7 	0.2 	1.3 	1 	0 	16.5 	-2.3
Dirk Nowitzki
	DAL 	37 	71 	36 	35 	31.5 	6.7 	15.0 	44.8 	1.7 	4.5 	37.1 	3.2 	3.6 	89.3 	0.7 	5.8 	6.5 	1.7 	1.1 	0.7 	0.7 	2.2 	9 	0 	18.3 	3.3
Ed Davis
	POR 	26 	79 	42 	37 	20.8 	2.5 	4.1 	61.0 	0.0 	0.0 	0.0 	1.4 	2.5 	56.5 	2.7 	4.6 	7.4 	1.1 	0.8 	0.7 	0.9 	2.5 	9 	0 	6.5 	0.4
Ersan Ilyasova
	ORL 	28 	70 	33 	37 	25.5 	3.8 	9.0 	42.0 	1.3 	3.6 	37.1 	1.6 	2.2 	72.1 	2.0 	3.5 	5.5 	0.9 	1.0 	0.7 	0.4 	2.4 	4 	0 	10.5 	-1.7
Harrison Barnes
	GSW 	23 	62 	55 	7 	30.9 	4.4 	9.5 	46.2 	1.2 	3.1 	38.1 	1.6 	2.0 	77.0 	1.2 	3.7 	4.9 	1.8 	0.8 	0.7 	0.2 	2.0 	1 	0 	11.5 	7.0
Isaiah Canaan
	PHI 	24 	77 	10 	67 	25.5 	3.4 	9.4 	36.0 	2.3 	6.3 	36.3 	1.9 	2.3 	83.3 	0.3 	2.0 	2.3 	1.8 	1.2 	0.7 	0.2 	1.7 	0 	0 	11.0 	-6.3
Jason Terry
	HOU 	38 	68 	34 	34 	17.3 	2.0 	5.1 	40.0 	1.3 	3.5 	35.6 	0.4 	0.5 	81.8 	0.2 	0.9 	1.1 	1.4 	0.7 	0.7 	0.1 	1.3 	0 	0 	5.7 	0.2
Jeff Green
	LAC 	29 	76 	45 	31 	28.3 	4.4 	10.1 	43.0 	0.8 	2.6 	31.5 	2.1 	2.8 	75.1 	0.9 	3.3 	4.2 	1.7 	1.2 	0.7 	0.5 	2.1 	1 	0 	11.6 	-0.4
Jerami Grant
	PHI 	22 	73 	9 	64 	26.5 	3.2 	7.6 	41.7 	0.4 	1.8 	22.4 	2.7 	4.0 	67.1 	1.3 	3.4 	4.7 	1.7 	1.4 	0.7 	1.6 	2.8 	3 	0 	9.5 	-6.5
Jeremy Lin
	CHA 	27 	74 	44 	30 	26.2 	3.9 	9.3 	41.3 	1.0 	2.8 	34.3 	3.0 	3.7 	81.2 	0.5 	2.7 	3.2 	3.0 	1.9 	0.7 	0.5 	2.1 	1 	0 	11.7 	1.0
Joe Johnson
	MIA 	34 	76 	28 	48 	33.5 	4.5 	10.4 	43.1 	1.5 	3.8 	38.1 	1.5 	1.8 	83.5 	0.6 	3.1 	3.7 	4.0 	2.0 	0.7 	0.1 	1.8 	3 	0 	12.0 	-1.1
Josh Richardson
	MIA 	22 	47 	26 	21 	20.1 	2.4 	5.0 	47.0 	1.0 	2.1 	50.0 	0.7 	1.1 	64.2 	0.3 	1.6 	1.9 	1.3 	0.7 	0.7 	0.4 	2.1 	0 	0 	6.5 	0.1
Karl-Anthony Towns
	MIN 	20 	78 	26 	52 	32.1 	7.5 	13.9 	54.2 	0.3 	1.0 	34.2 	2.8 	3.4 	81.5 	2.8 	7.7 	10.5 	1.9 	2.3 	0.7 	1.7 	3.0 	49 	0 	18.2 	-1.9
Kelly Olynyk
	BOS 	24 	65 	38 	27 	20.2 	3.7 	8.1 	45.1 	1.3 	3.1 	40.8 	1.3 	1.7 	73.9 	1.1 	2.9 	4.0 	1.5 	1.1 	0.7 	0.5 	2.4 	0 	0 	9.8 	2.5
Kevin Garnett
	MIN 	39 	38 	14 	24 	14.6 	1.4 	3.0 	47.0 	0.0 	0.0 	0.0 	0.4 	0.6 	66.7 	0.4 	3.6 	3.9 	1.6 	0.4 	0.7 	0.3 	1.8 	0 	0 	3.2 	1.5
Kevin Love
	CLE 	27 	75 	52 	23 	31.5 	5.3 	12.7 	42.1 	2.0 	5.7 	35.8 	3.3 	4.1 	82.0 	1.9 	7.9 	9.8 	2.4 	1.8 	0.7 	0.5 	2.1 	33 	0 	16.1 	5.4
Klay Thompson
	GSW 	26 	76 	67 	9 	33.3 	8.3 	17.5 	47.1 	3.5 	8.2 	42.8 	2.5 	2.8 	87.0 	0.4 	3.4 	3.8 	2.0 	1.8 	0.7 	0.6 	1.9 	0 	0 	22.5 	10.5
Kristaps Porzingis
	NYK 	20 	72 	28 	44 	28.4 	5.2 	12.3 	42.1 	1.1 	3.4 	33.3 	2.8 	3.3 	83.8 	1.8 	5.5 	7.3 	1.3 	1.7 	0.7 	1.9 	2.8 	21 	0 	14.3 	0.2
Kyle Anderson
	SAS 	22 	73 	62 	11 	15.4 	1.7 	3.6 	47.5 	0.2 	0.5 	31.4 	0.8 	1.0 	74.7 	0.3 	2.5 	2.8 	1.5 	0.8 	0.7 	0.4 	1.2 	0 	0 	4.3 	2.5
Leandro Barbosa
	GSW 	33 	65 	57 	8 	15.9 	2.6 	5.5 	46.9 	0.6 	1.6 	34.9 	0.8 	1.0 	83.9 	0.4 	1.3 	1.7 	1.2 	0.8 	0.7 	0.1 	1.6 	0 	0 	6.5 	0.9
Marcin Gortat
	WAS 	32 	72 	33 	39 	30.2 	5.8 	10.2 	56.2 	0.0 	0.0 	0.0 	2.0 	2.8 	70.9 	3.0 	6.9 	10.0 	1.4 	1.6 	0.7 	1.3 	2.5 	40 	0 	13.5 	0.9
Marcus Thornton
	WAS 	28 	58 	29 	29 	17.6 	3.4 	8.7 	39.6 	1.5 	4.4 	33.7 	1.0 	1.2 	85.1 	0.6 	1.7 	2.3 	1.3 	0.8 	0.7 	0.1 	1.5 	0 	0 	9.3 	0.2
Marvin Williams
	CHA 	29 	77 	44 	33 	29.3 	4.1 	9.2 	44.9 	1.9 	4.7 	39.8 	1.5 	1.8 	83.8 	1.6 	5.0 	6.6 	1.4 	0.8 	0.7 	1.0 	1.6 	10 	0 	11.6 	2.8
Metta World Peace
	LAL 	36 	33 	6 	27 	16.6 	1.5 	4.9 	30.2 	0.7 	2.3 	29.3 	1.1 	1.6 	67.9 	0.5 	1.9 	2.5 	0.8 	0.5 	0.7 	0.3 	2.0 	0 	0 	4.7 	-1.5
Patrick Patterson
	TOR 	27 	75 	51 	24 	25.6 	2.6 	6.3 	41.6 	1.4 	3.7 	36.7 	0.4 	0.5 	85.3 	1.0 	3.4 	4.4 	1.2 	0.8 	0.7 	0.4 	1.7 	0 	0 	7.0 	5.1
Patty Mills
	SAS 	27 	76 	64 	12 	20.6 	3.3 	7.6 	43.7 	1.6 	4.0 	39.1 	0.5 	0.7 	78.0 	0.3 	1.7 	2.0 	2.8 	0.9 	0.7 	0.1 	1.3 	0 	0 	8.7 	5.2
Rodney Stuckey
	IND 	29 	54 	30 	24 	22.2 	3.2 	7.7 	41.3 	0.4 	1.4 	26.0 	2.2 	2.7 	82.6 	0.3 	2.3 	2.7 	2.4 	1.3 	0.7 	0.1 	1.4 	0 	0 	8.9 	-0.1
Shaun Livingston
	GSW 	30 	74 	65 	9 	19.5 	2.6 	4.9 	53.7 	0.0 	0.2 	16.7 	1.0 	1.2 	85.4 	0.6 	1.6 	2.2 	2.9 	1.0 	0.7 	0.3 	1.8 	0 	0 	6.3 	2.7
Shelvin Mack
	UTA 	25 	48 	26 	22 	19.2 	3.3 	7.6 	43.6 	0.7 	2.2 	32.7 	0.8 	1.1 	69.8 	0.2 	2.2 	2.4 	3.6 	1.8 	0.7 	0.1 	1.2 	3 	0 	8.1 	2.2
Stanley Johnson
	DET 	19 	71 	36 	35 	23.1 	3.1 	8.2 	37.7 	0.9 	2.8 	30.8 	1.1 	1.4 	79.2 	0.8 	3.4 	4.1 	1.6 	1.6 	0.7 	0.2 	2.4 	3 	0 	8.1 	-1.5
Tony Parker
	SAS 	33 	69 	58 	11 	27.3 	4.9 	9.8 	49.5 	0.4 	0.9 	41.5 	1.8 	2.3 	76.5 	0.2 	2.2 	2.5 	5.3 	1.8 	0.7 	0.2 	1.6 	3 	0 	11.9 	6.2
Tyler Johnson
	MIA 	23 	36 	19 	17 	24.0 	3.3 	6.8 	48.6 	0.8 	2.0 	38.0 	1.4 	1.8 	79.7 	0.8 	2.3 	3.0 	2.2 	1.3 	0.7 	0.4 	1.8 	0 	0 	8.7 	0.3
Tyus Jones
	MIN 	19 	33 	10 	23 	14.5 	1.5 	4.3 	34.8 	0.4 	1.5 	29.2 	0.8 	1.0 	73.5 	0.2 	1.0 	1.2 	2.6 	0.9 	0.7 	0.1 	0.8 	0 	0 	4.2 	-4.7
Vince Carter
	MEM 	39 	56 	33 	23 	16.4 	2.2 	5.6 	38.8 	0.9 	2.9 	32.9 	1.2 	1.4 	83.8 	0.5 	1.9 	2.4 	0.9 	0.6 	0.7 	0.3 	1.7 	0 	0 	6.5 	0.4
Xavier Munford
	MEM 	23 	10 	3 	7 	14.2 	2.2 	4.4 	50.0 	0.8 	1.3 	61.5 	0.4 	0.8 	50.0 	0.2 	1.7 	1.9 	0.9 	1.0 	0.7 	0.1 	1.3 	0 	0 	5.6 	0.9
Al Jefferson
	CHA 	31 	43 	30 	13 	23.4 	5.1 	10.7 	47.4 	0.0 	0.0 	0.0 	1.5 	2.4 	64.1 	1.2 	5.1 	6.3 	1.4 	0.7 	0.6 	0.9 	2.4 	6 	0 	11.7 	0.7
Alec Burks
	UTA 	24 	28 	12 	16 	27.1 	4.8 	11.6 	40.9 	1.0 	2.7 	38.7 	3.8 	5.0 	75.2 	0.6 	3.0 	3.6 	2.1 	1.8 	0.6 	0.1 	2.5 	0 	0 	14.3 	-0.9
Amir Johnson
	BOS 	28 	75 	43 	32 	22.9 	3.2 	5.4 	58.2 	0.1 	0.6 	23.8 	0.9 	1.5 	55.7 	2.3 	4.1 	6.4 	1.7 	1.2 	0.6 	1.1 	2.7 	8 	0 	7.3 	1.9
Brandon Jennings
	ORL 	26 	48 	20 	28 	18.1 	2.3 	6.3 	36.8 	1.1 	3.2 	32.9 	1.2 	1.6 	73.1 	0.3 	1.7 	2.0 	3.5 	1.2 	0.6 	0.1 	1.2 	1 	0 	6.9 	0.3
Bryce Cotton
	MEM 	23 	5 	1 	4 	6.8 	0.6 	1.8 	33.3 	0.0 	0.6 	0.0 	0.0 	0.0 	0.0 	0.0 	0.0 	0.0 	0.6 	1.0 	0.6 	0.0 	0.4 	0 	0 	1.2 	-3.2
CJ Watson
	ORL 	31 	29 	12 	17 	19.6 	1.2 	4.1 	29.7 	0.4 	1.5 	27.3 	1.1 	1.3 	86.5 	0.3 	1.7 	2.0 	2.7 	0.7 	0.6 	0.1 	1.4 	0 	0 	3.9 	-0.7
Cameron Payne
	OKC 	21 	54 	43 	11 	11.9 	1.9 	4.7 	41.1 	0.6 	1.9 	34.0 	0.4 	0.4 	79.2 	0.1 	1.3 	1.5 	1.8 	0.7 	0.6 	0.1 	1.4 	0 	0 	4.9 	-0.2
Caron Butler
	SAC 	36 	16 	1 	15 	9.9 	1.4 	3.2 	43.1 	0.1 	1.0 	12.5 	0.6 	0.8 	83.3 	0.3 	0.9 	1.3 	0.6 	0.2 	0.6 	0.0 	1.2 	0 	0 	3.5 	-2.2
D.J. Augustin
	DEN 	28 	59 	34 	25 	19.2 	2.4 	5.7 	42.7 	1.2 	2.8 	41.7 	1.7 	2.1 	80.8 	0.1 	1.4 	1.6 	3.3 	1.4 	0.6 	0.1 	1.4 	2 	0 	7.7 	0.0
Devin Booker
	PHX 	19 	72 	17 	55 	27.5 	4.8 	11.2 	42.6 	1.3 	3.8 	35.2 	2.8 	3.3 	83.0 	0.3 	2.1 	2.5 	2.6 	2.0 	0.6 	0.2 	2.9 	3 	0 	13.7 	-5.7
Donald Sloan
	BKN 	28 	57 	13 	44 	21.3 	2.4 	5.5 	43.4 	0.6 	1.5 	37.9 	1.3 	1.7 	75.5 	0.3 	2.6 	2.9 	4.3 	1.4 	0.6 	0.1 	1.2 	2 	0 	6.6 	-1.6
E'Twaun Moore
	CHI 	27 	59 	29 	30 	21.4 	3.2 	6.6 	48.1 	0.8 	1.8 	45.2 	0.4 	0.6 	62.9 	0.3 	1.9 	2.3 	1.7 	0.9 	0.6 	0.3 	1.7 	0 	0 	7.5 	-0.6
Gerald Green
	MIA 	30 	65 	38 	27 	23.1 	3.4 	8.6 	38.9 	1.2 	3.8 	32.1 	1.1 	1.4 	77.5 	0.4 	2.0 	2.4 	0.8 	0.7 	0.6 	0.3 	1.7 	0 	0 	9.0 	0.6
Hassan Whiteside
	MIA 	26 	68 	39 	29 	29.1 	5.7 	9.3 	61.2 	0.0 	0.0 	0.0 	2.7 	4.3 	64.1 	3.2 	8.6 	11.8 	0.4 	1.9 	0.6 	3.8 	2.7 	38 	3 	14.1 	1.0
Henry Sims
	BKN 	26 	10 	2 	8 	17.4 	2.2 	5.0 	44.0 	0.0 	0.1 	0.0 	1.8 	2.2 	81.8 	1.4 	3.3 	4.7 	0.5 	0.8 	0.6 	0.8 	2.4 	0 	0 	6.2 	-7.4
JJ Redick
	LAC 	31 	73 	48 	25 	28.1 	5.6 	11.8 	47.6 	2.6 	5.6 	47.0 	2.5 	2.8 	88.8 	0.1 	1.7 	1.9 	1.4 	1.1 	0.6 	0.1 	1.8 	0 	0 	16.4 	6.8
JaMychal Green
	MEM 	25 	74 	39 	35 	18.5 	2.9 	6.2 	47.0 	0.2 	0.6 	34.1 	1.3 	1.7 	75.4 	1.7 	3.0 	4.7 	0.8 	1.1 	0.6 	0.4 	2.4 	7 	0 	7.4 	-0.4
Jamal Crawford
	LAC 	36 	77 	49 	28 	26.6 	4.7 	11.8 	40.1 	1.4 	4.2 	33.3 	3.0 	3.3 	91.7 	0.2 	1.6 	1.8 	2.3 	1.4 	0.6 	0.1 	1.5 	0 	0 	13.9 	2.0
Jameer Nelson
	DEN 	34 	39 	12 	27 	26.6 	2.9 	7.9 	36.8 	1.1 	3.7 	29.9 	0.8 	0.9 	85.7 	0.5 	2.5 	2.9 	4.9 	1.7 	0.6 	0.1 	2.6 	0 	0 	7.7 	-3.4
James Ennis
	NOP 	25 	18 	10 	8 	10.5 	1.3 	3.2 	42.1 	0.7 	1.7 	43.3 	0.9 	1.4 	68.0 	0.8 	0.7 	1.4 	0.8 	0.7 	0.6 	0.2 	0.9 	0 	0 	4.3 	-1.4
Jeremy Lamb
	CHA 	23 	64 	39 	25 	18.7 	3.5 	7.8 	44.7 	0.9 	2.8 	31.1 	1.0 	1.4 	72.7 	0.7 	3.1 	3.8 	1.2 	0.7 	0.6 	0.4 	1.6 	1 	0 	8.8 	2.5
Jerian Grant
	NYK 	23 	73 	28 	45 	15.9 	1.8 	4.8 	38.0 	0.3 	1.2 	21.1 	1.2 	1.5 	80.4 	0.3 	1.5 	1.8 	2.2 	1.1 	0.6 	0.1 	1.2 	0 	0 	5.1 	-1.8
Joakim Noah
	CHI 	31 	29 	15 	14 	21.9 	1.8 	4.6 	38.3 	0.0 	0.0 	0.0 	0.8 	1.6 	48.9 	3.0 	5.8 	8.8 	3.8 	1.8 	0.6 	1.0 	2.7 	1 	0 	4.3 	-1.2
Joe Ingles
	UTA 	28 	77 	39 	38 	15.2 	1.5 	3.5 	42.4 	0.9 	2.5 	38.1 	0.2 	0.2 	72.2 	0.2 	1.6 	1.9 	1.2 	0.8 	0.6 	0.1 	1.2 	0 	0 	4.1 	0.3
Jon Leuer
	PHX 	26 	63 	19 	44 	18.7 	3.3 	6.9 	47.8 	0.7 	1.7 	38.2 	1.1 	1.4 	75.8 	1.0 	4.3 	5.3 	1.1 	1.1 	0.6 	0.4 	1.9 	8 	0 	8.4 	-1.5
Julius Randle
	LAL 	21 	77 	16 	61 	28.1 	4.5 	10.5 	43.1 	0.1 	0.4 	27.3 	2.4 	3.4 	71.1 	2.2 	8.1 	10.3 	1.7 	1.8 	0.6 	0.4 	3.0 	34 	1 	11.6 	-8.1
Justin Holiday
	CHI 	27 	49 	25 	24 	13.4 	1.4 	3.9 	35.6 	0.6 	1.8 	31.5 	0.3 	0.5 	66.7 	0.2 	1.4 	1.6 	0.8 	0.7 	0.6 	0.3 	1.1 	0 	0 	3.7 	-2.1
Jusuf Nurkic
	DEN 	21 	29 	13 	16 	15.6 	2.9 	6.9 	42.0 	0.0 	0.1 	0.0 	2.0 	3.0 	64.8 	1.9 	3.2 	5.1 	1.2 	1.5 	0.6 	1.3 	2.7 	2 	0 	7.8 	0.5
Lance Stephenson
	MEM 	25 	65 	36 	29 	19.3 	3.2 	6.6 	48.1 	0.4 	1.1 	34.3 	1.3 	1.6 	78.3 	0.6 	2.7 	3.2 	1.9 	1.4 	0.6 	0.1 	1.9 	1 	0 	8.0 	-0.5
Luis Scola
	TOR 	35 	74 	49 	25 	21.7 	3.6 	7.9 	45.0 	0.9 	2.1 	40.9 	0.8 	1.1 	74.4 	1.1 	3.6 	4.8 	0.9 	0.9 	0.6 	0.4 	2.4 	3 	0 	8.8 	-0.1
Matthew Dellavedova
	CLE 	25 	73 	53 	20 	24.8 	2.7 	6.7 	40.4 	1.3 	3.2 	41.7 	0.8 	0.9 	86.2 	0.4 	1.7 	2.1 	4.5 	1.6 	0.6 	0.1 	2.4 	1 	0 	7.5 	5.1
Maurice Harkless
	POR 	22 	76 	39 	37 	18.5 	2.5 	5.3 	48.1 	0.5 	1.8 	27.4 	0.9 	1.5 	62.2 	1.3 	2.4 	3.6 	0.9 	0.8 	0.6 	0.4 	1.6 	4 	0 	6.4 	0.3
Michael Beasley
	HOU 	27 	16 	7 	9 	19.9 	5.9 	11.4 	51.9 	0.2 	0.5 	37.5 	2.1 	2.6 	78.6 	1.6 	3.8 	5.4 	0.8 	1.3 	0.6 	0.5 	2.3 	1 	0 	14.1 	-3.9
Nik Stauskas
	PHI 	22 	70 	8 	62 	24.3 	2.8 	7.2 	39.1 	1.4 	4.3 	33.4 	1.2 	1.5 	75.0 	0.3 	2.2 	2.5 	1.9 	1.3 	0.6 	0.3 	1.5 	0 	0 	8.2 	-5.5
Pau Gasol
	CHI 	35 	70 	35 	35 	31.9 	6.5 	14.0 	46.7 	0.3 	1.0 	35.3 	3.1 	3.9 	79.3 	2.1 	8.9 	11.0 	4.2 	2.3 	0.6 	2.0 	2.1 	44 	2 	16.5 	0.3
Ryan Anderson
	NOP 	27 	66 	24 	42 	30.4 	6.0 	14.1 	42.7 	2.0 	5.4 	36.6 	3.0 	3.5 	87.3 	2.0 	4.0 	6.0 	1.1 	1.4 	0.6 	0.4 	1.7 	8 	0 	17.0 	0.5
Sasha Vujacic
	NYK 	32 	58 	21 	37 	14.1 	1.6 	4.3 	37.5 	0.8 	2.2 	36.2 	0.5 	0.6 	80.0 	0.4 	1.8 	2.3 	1.3 	0.7 	0.6 	0.1 	1.3 	0 	0 	4.5 	-0.8
Taj Gibson
	CHI 	30 	73 	37 	36 	26.5 	3.6 	6.8 	52.6 	0.0 	0.0 	0.0 	1.4 	2.0 	69.2 	2.8 	4.1 	6.9 	1.5 	1.1 	0.6 	1.1 	2.5 	7 	0 	8.6 	-2.1
Thomas Robinson
	BKN 	25 	69 	16 	53 	12.7 	1.8 	4.0 	44.7 	0.0 	0.0 	0.0 	0.7 	1.5 	44.6 	1.8 	3.1 	4.9 	0.7 	1.0 	0.6 	0.5 	1.5 	7 	0 	4.2 	-3.5
Tiago Splitter
	ATL 	31 	36 	21 	15 	16.1 	2.3 	4.3 	52.3 	0.0 	0.1 	0.0 	1.1 	1.3 	81.3 	1.3 	2.1 	3.3 	0.8 	0.7 	0.6 	0.3 	2.0 	0 	0 	5.6 	2.8
Tim Frazier
	NOP 	25 	47 	24 	23 	13.1 	1.7 	3.8 	44.4 	0.3 	0.8 	34.2 	1.0 	1.3 	75.4 	0.4 	1.4 	1.9 	2.5 	1.2 	0.6 	0.0 	1.3 	1 	0 	4.6 	0.0
Wayne Ellington
	BKN 	28 	72 	18 	54 	21.2 	2.9 	7.3 	39.4 	1.3 	3.5 	36.1 	0.7 	0.8 	85.0 	0.3 	2.1 	2.3 	1.0 	0.6 	0.6 	0.1 	1.1 	0 	0 	7.7 	-4.1
Willie Cauley-Stein
	SAC 	22 	62 	24 	38 	20.8 	2.8 	4.9 	57.5 	0.0 	0.0 	0.0 	1.2 	1.9 	64.7 	2.0 	3.3 	5.3 	0.5 	0.6 	0.6 	1.0 	2.1 	3 	0 	6.9 	-0.5
Zach Randolph
	MEM 	34 	64 	37 	27 	29.8 	6.3 	13.0 	48.2 	0.1 	0.3 	28.6 	2.6 	3.3 	79.7 	2.6 	5.3 	7.9 	2.1 	1.5 	0.6 	0.2 	2.1 	17 	1 	15.3 	0.8
Alex Len
	PHX 	22 	74 	20 	54 	23.0 	3.3 	7.8 	42.4 	0.0 	0.1 	14.3 	2.3 	3.1 	73.4 	2.3 	5.3 	7.6 	1.2 	1.9 	0.5 	0.8 	2.9 	17 	0 	8.9 	-4.1
Andrew Bogut
	GSW 	31 	67 	59 	8 	20.7 	2.5 	4.0 	62.0 	0.0 	0.0 	100 	0.4 	0.7 	48.0 	1.7 	5.3 	7.1 	2.3 	1.2 	0.5 	1.6 	3.2 	5 	0 	5.4 	5.6
Anthony Brown
	LAL 	23 	29 	4 	25 	20.6 	1.3 	4.3 	31.0 	0.7 	2.4 	28.6 	0.6 	0.7 	85.0 	0.3 	2.1 	2.4 	0.7 	0.5 	0.5 	0.2 	1.2 	0 	0 	4.0 	-1.2
Brandon Bass
	LAL 	30 	66 	16 	50 	20.3 	2.6 	4.8 	54.9 	0.0 	0.0 	0.0 	1.9 	2.2 	84.5 	1.6 	2.7 	4.3 	1.1 	0.6 	0.5 	0.8 	1.9 	0 	0 	7.2 	-0.3
CJ Wilcox
	LAC 	25 	19 	12 	7 	6.0 	0.8 	2.5 	31.3 	0.3 	0.8 	37.5 	0.4 	0.5 	70.0 	0.0 	0.2 	0.2 	0.5 	0.1 	0.5 	0.1 	0.5 	0 	0 	2.3 	1.6
Chase Budinger
	PHX 	27 	63 	27 	36 	14.1 	1.6 	3.6 	43.0 	0.4 	1.3 	28.6 	0.6 	0.9 	68.5 	0.6 	1.7 	2.3 	0.9 	0.6 	0.5 	0.2 	0.9 	0 	0 	4.1 	0.1
Chris Johnson
	UTA 	25 	68 	37 	31 	12.2 	1.0 	2.8 	36.5 	0.4 	1.4 	27.1 	0.5 	0.6 	81.0 	0.4 	1.5 	1.9 	0.6 	0.5 	0.5 	0.3 	1.4 	0 	0 	2.9 	-0.3
Dante Cunningham
	NOP 	28 	76 	27 	49 	24.2 	2.1 	4.8 	44.4 	0.7 	2.1 	30.9 	0.6 	0.9 	69.0 	0.8 	2.3 	3.1 	0.9 	0.5 	0.5 	0.4 	2.1 	0 	0 	5.6 	-3.1
David West
	SAS 	35 	74 	62 	12 	17.4 	3.1 	5.6 	55.4 	0.0 	0.1 	50.0 	0.7 	0.9 	79.1 	0.9 	3.0 	3.9 	1.8 	0.9 	0.5 	0.7 	1.8 	1 	0 	6.9 	4.7
Dwight Powell
	DAL 	24 	66 	34 	32 	14.8 	2.2 	4.5 	49.0 	0.0 	0.2 	12.5 	1.6 	2.1 	75.0 	1.3 	2.8 	4.1 	0.7 	0.6 	0.5 	0.3 	1.8 	3 	0 	6.0 	-1.4
Elton Brand
	PHI 	37 	15 	2 	13 	13.0 	2.0 	4.5 	44.1 	0.0 	0.1 	0.0 	0.5 	0.6 	88.9 	0.4 	3.3 	3.7 	1.1 	0.7 	0.5 	0.5 	1.9 	1 	0 	4.5 	-0.9
Frank Kaminsky
	CHA 	23 	77 	44 	33 	21.0 	2.6 	6.5 	40.7 	0.8 	2.5 	32.5 	1.2 	1.7 	72.7 	0.8 	3.2 	4.0 	1.2 	0.7 	0.5 	0.5 	1.6 	0 	0 	7.3 	-0.2
Gary Neal
	WAS 	31 	40 	18 	22 	20.2 	3.8 	8.1 	46.5 	1.0 	2.5 	41.0 	1.2 	1.4 	85.5 	0.3 	1.8 	2.1 	1.2 	0.7 	0.5 	0.0 	1.4 	0 	0 	9.8 	-4.1
Gerald Henderson
	POR 	28 	71 	39 	32 	19.9 	3.2 	7.3 	44.0 	0.7 	1.9 	35.8 	1.6 	2.1 	76.7 	0.4 	2.5 	3.0 	1.1 	0.9 	0.5 	0.3 	1.2 	0 	0 	8.7 	0.6
Greivis Vasquez
	MIL 	29 	19 	8 	11 	20.6 	2.1 	6.4 	32.2 	0.7 	3.2 	23.3 	1.2 	1.3 	88.0 	0.2 	1.9 	2.2 	4.2 	1.8 	0.5 	0.0 	1.8 	0 	0 	6.0 	-4.3
Hollis Thompson
	PHI 	25 	73 	10 	63 	28.0 	3.5 	8.6 	40.4 	1.9 	5.0 	38.7 	0.9 	1.2 	73.3 	0.7 	2.9 	3.6 	1.3 	1.0 	0.5 	0.3 	2.4 	0 	0 	9.8 	-4.7
J.J. O'Brien
	UTA 	23 	2 	2 	0 	3.1 	0.0 	0.5 	0.0 	0.0 	0.0 	0.0 	0.0 	0.0 	0.0 	0.0 	0.5 	0.5 	0.0 	0.0 	0.5 	0.0 	0.5 	0 	0 	0.0 	-4.0
JJ Hickson
	WAS 	27 	32 	14 	18 	12.3 	2.3 	4.3 	52.2 	0.0 	0.0 	0.0 	1.3 	2.8 	46.1 	1.0 	2.6 	3.6 	0.6 	0.7 	0.5 	0.4 	1.4 	2 	0 	5.8 	-1.6
James Johnson
	TOR 	29 	56 	34 	22 	16.0 	2.0 	4.2 	47.6 	0.4 	1.1 	31.3 	0.6 	1.1 	56.3 	0.5 	1.7 	2.2 	1.1 	0.9 	0.5 	0.6 	1.4 	0 	0 	5.0 	-0.2
Jordan Hill
	IND 	28 	72 	39 	33 	20.6 	3.8 	7.5 	51.3 	0.0 	0.0 	0.0 	1.2 	1.7 	71.2 	2.1 	4.0 	6.1 	1.2 	1.3 	0.5 	0.5 	2.1 	9 	0 	8.9 	0.7
Josh Smith
	HOU 	30 	51 	28 	23 	15.7 	2.3 	6.5 	35.6 	0.7 	2.5 	26.6 	0.7 	1.2 	55.7 	1.0 	2.6 	3.6 	1.5 	1.4 	0.5 	0.9 	2.1 	0 	0 	5.9 	-2.5
Kendall Marshall
	PHI 	24 	27 	3 	24 	12.6 	1.4 	3.8 	36.3 	0.4 	1.5 	30.0 	0.3 	0.5 	69.2 	0.0 	0.7 	0.8 	2.4 	1.5 	0.5 	0.1 	1.0 	0 	0 	3.5 	-3.0
Kenneth Faried
	DEN 	26 	66 	26 	40 	25.4 	5.2 	9.3 	55.9 	0.0 	0.0 	0.0 	2.0 	3.3 	61.3 	3.5 	5.2 	8.7 	1.2 	1.3 	0.5 	0.9 	2.5 	21 	0 	12.5 	-1.6
Kosta Koufos
	SAC 	27 	74 	30 	44 	18.6 	2.9 	5.5 	53.6 	0.0 	0.0 	0.0 	0.7 	1.3 	55.7 	2.1 	3.2 	5.3 	0.4 	0.6 	0.5 	0.9 	2.3 	4 	0 	6.6 	-3.0
Kostas Papanikolaou
	DEN 	25 	26 	8 	18 	11.3 	0.9 	2.5 	36.4 	0.4 	1.2 	31.3 	0.3 	0.5 	64.3 	0.3 	1.2 	1.5 	0.6 	0.8 	0.5 	0.2 	0.9 	0 	0 	2.6 	-0.3
LaMarcus Aldridge
	SAS 	30 	71 	60 	11 	30.7 	7.3 	14.2 	51.5 	0.0 	0.2 	0.0 	3.5 	4.1 	86.0 	2.4 	6.3 	8.6 	1.5 	1.3 	0.5 	1.1 	2.1 	25 	0 	18.1 	7.5
Luc Mbah a Moute
	LAC 	29 	71 	46 	25 	16.9 	1.3 	2.8 	45.2 	0.2 	0.6 	32.5 	0.4 	0.8 	52.6 	0.8 	1.5 	2.3 	0.4 	0.5 	0.5 	0.3 	1.3 	0 	0 	3.1 	1.9
Marcelo Huertas
	LAL 	32 	49 	7 	42 	15.6 	1.8 	4.2 	43.1 	0.3 	1.2 	26.3 	0.5 	0.5 	96.0 	0.3 	1.3 	1.6 	3.3 	1.5 	0.5 	0.1 	1.4 	0 	0 	4.4 	0.5
Marco Belinelli
	SAC 	30 	68 	27 	41 	24.6 	3.6 	9.3 	38.6 	1.3 	4.4 	30.6 	1.7 	2.0 	83.3 	0.1 	1.6 	1.7 	1.9 	1.2 	0.5 	0.0 	1.3 	0 	0 	10.2 	-2.8
Markel Brown
	BKN 	24 	58 	12 	46 	14.9 	1.9 	4.8 	39.9 	0.6 	1.8 	32.1 	1.2 	1.6 	75.6 	0.3 	1.4 	1.7 	1.4 	0.8 	0.5 	0.2 	1.4 	0 	0 	5.6 	-3.8
Mike Dunleavy
	CHI 	35 	28 	11 	17 	22.7 	2.5 	6.1 	40.7 	1.3 	3.3 	40.7 	0.9 	1.2 	75.8 	0.3 	2.4 	2.7 	1.3 	0.9 	0.5 	0.3 	2.3 	0 	0 	7.2 	-1.8
Nate Robinson
	NOP 	31 	2 	0 	2 	11.6 	0.0 	0.5 	0.0 	0.0 	0.5 	0.0 	0.0 	0.0 	0.0 	0.0 	0.0 	0.0 	2.0 	0.0 	0.5 	0.0 	2.5 	0 	0 	0.0 	-10.0
Norman Powell
	TOR 	22 	44 	28 	16 	12.7 	1.6 	4.0 	39.2 	0.5 	1.6 	34.8 	0.5 	0.6 	88.9 	0.3 	1.6 	2.0 	0.8 	0.6 	0.5 	0.2 	1.1 	0 	0 	4.2 	1.0
PJ Hairston
	MEM 	23 	62 	31 	31 	20.2 	2.2 	6.2 	35.8 	1.1 	3.7 	29.5 	0.8 	1.0 	77.0 	0.4 	2.2 	2.6 	0.6 	0.6 	0.5 	0.2 	2.2 	1 	0 	6.3 	-3.1
Paul Pierce
	LAC 	38 	65 	42 	23 	17.8 	2.0 	5.7 	35.7 	1.1 	3.5 	30.4 	0.7 	0.9 	80.0 	0.2 	2.6 	2.7 	1.0 	0.8 	0.5 	0.2 	1.9 	0 	0 	5.9 	0.7
Quincy Acy
	SAC 	25 	55 	19 	36 	14.2 	1.9 	3.3 	56.8 	0.3 	0.7 	43.6 	0.7 	0.9 	75.0 	1.1 	1.9 	3.0 	0.4 	0.4 	0.5 	0.4 	1.8 	0 	0 	4.8 	-2.3
Ramon Sessions
	WAS 	29 	78 	38 	40 	19.7 	3.3 	7.0 	46.6 	0.4 	1.3 	31.7 	2.6 	3.4 	75.2 	0.3 	2.1 	2.4 	2.6 	1.3 	0.5 	0.1 	1.2 	1 	0 	9.5 	-1.3
Randy Foye
	OKC 	32 	78 	36 	42 	20.4 	2.1 	5.9 	34.8 	0.9 	3.1 	30.2 	0.7 	0.9 	81.4 	0.3 	1.7 	2.0 	2.0 	1.0 	0.5 	0.3 	1.6 	0 	0 	5.8 	0.3
Richard Jefferson
	CLE 	35 	71 	50 	21 	17.7 	1.9 	4.2 	46.3 	0.9 	2.4 	38.5 	0.7 	1.1 	65.4 	0.2 	1.5 	1.7 	0.8 	0.6 	0.5 	0.2 	1.7 	0 	0 	5.5 	-0.4
Serge Ibaka
	OKC 	26 	76 	53 	23 	32.2 	5.4 	11.2 	48.3 	0.8 	2.3 	33.3 	1.2 	1.6 	74.8 	1.8 	5.0 	6.8 	0.9 	1.4 	0.5 	1.9 	2.7 	9 	0 	12.7 	6.6
Seth Curry
	SAC 	25 	40 	15 	25 	13.9 	2.0 	4.3 	47.4 	0.9 	2.0 	45.0 	1.0 	1.2 	83.7 	0.2 	1.0 	1.2 	1.1 	0.7 	0.5 	0.1 	0.8 	0 	0 	6.0 	-0.2
Solomon Hill
	IND 	25 	55 	28 	27 	13.5 	1.3 	3.0 	42.7 	0.3 	1.0 	26.4 	0.6 	0.7 	88.9 	0.6 	1.8 	2.5 	0.8 	0.5 	0.5 	0.2 	1.1 	0 	0 	3.4 	0.6
Steven Adams
	OKC 	22 	77 	53 	24 	25.0 	3.2 	5.3 	60.7 	0.0 	0.0 	0.0 	1.4 	2.4 	58.7 	2.6 	3.9 	6.5 	0.8 	1.1 	0.5 	1.1 	2.8 	5 	0 	7.8 	5.9
Tayshaun Prince
	MIN 	36 	74 	25 	49 	19.0 	1.3 	3.0 	43.9 	0.1 	0.3 	17.4 	0.2 	0.3 	68.4 	0.4 	1.5 	1.9 	0.9 	0.3 	0.5 	0.2 	0.8 	0 	0 	2.9 	-1.8
Terrence Jones
	HOU 	24 	49 	23 	26 	21.2 	3.4 	7.4 	45.2 	0.5 	1.6 	31.6 	1.6 	2.4 	66.4 	1.2 	3.0 	4.3 	0.8 	1.0 	0.5 	0.8 	1.7 	0 	0 	8.8 	-4.7
Trey Burke
	UTA 	23 	64 	31 	33 	21.3 	4.1 	9.9 	41.3 	1.4 	4.0 	34.4 	1.0 	1.3 	81.7 	0.3 	1.5 	1.8 	2.3 	1.3 	0.5 	0.1 	1.3 	0 	0 	10.6 	0.0
Tyler Ennis
	MIL 	21 	42 	16 	26 	12.5 	1.7 	3.9 	44.4 	0.3 	0.8 	34.3 	0.5 	0.7 	73.3 	0.3 	1.2 	1.5 	1.7 	0.8 	0.5 	0.0 	1.2 	0 	0 	4.2 	-1.9
Tyson Chandler
	PHX 	33 	64 	16 	48 	24.4 	2.7 	4.6 	57.6 	0.0 	0.0 	0.0 	1.5 	2.5 	60.4 	2.6 	6.1 	8.8 	1.0 	1.4 	0.5 	0.6 	2.3 	19 	0 	6.8 	-6.4
Aaron Brooks
	CHI 	31 	66 	33 	33 	16.2 	2.8 	6.9 	39.8 	1.0 	2.7 	35.0 	0.7 	1.0 	76.6 	0.3 	1.2 	1.5 	2.7 	1.2 	0.4 	0.1 	1.9 	0 	0 	7.2 	-0.3
Andre Miller
	SAS 	40 	37 	19 	18 	11.0 	1.4 	2.4 	59.1 	0.1 	0.2 	28.6 	0.6 	0.8 	73.3 	0.3 	0.8 	1.1 	2.1 	0.9 	0.4 	0.0 	1.2 	0 	0 	3.5 	0.5
Anthony Tolliver
	DET 	30 	69 	34 	35 	18.5 	1.7 	4.6 	38.2 	1.3 	3.7 	35.5 	0.4 	0.7 	60.0 	0.5 	2.6 	3.1 	0.7 	0.4 	0.4 	0.2 	1.2 	0 	0 	5.2 	0.2
Archie Goodwin
	PHX 	21 	54 	11 	43 	19.2 	2.9 	7.1 	41.1 	0.4 	1.6 	22.1 	2.2 	3.3 	67.4 	0.4 	2.0 	2.5 	1.9 	1.7 	0.4 	0.2 	1.4 	1 	0 	8.4 	-4.2
Arron Afflalo
	NYK 	30 	68 	26 	42 	33.7 	5.1 	11.4 	44.4 	1.3 	3.4 	37.8 	1.6 	1.9 	84.0 	0.3 	3.4 	3.8 	2.1 	1.2 	0.4 	0.1 	2.1 	1 	0 	13.0 	-2.3
Axel Toupane
	DEN 	23 	18 	8 	10 	15.5 	1.3 	3.4 	38.7 	0.7 	1.9 	34.3 	0.6 	0.8 	73.3 	0.4 	1.0 	1.4 	0.8 	0.3 	0.4 	0.2 	2.1 	0 	0 	3.9 	0.4
Bobby Portis
	CHI 	21 	58 	26 	32 	17.2 	3.0 	6.9 	42.9 	0.2 	0.8 	29.8 	0.8 	1.1 	72.1 	1.8 	3.3 	5.1 	0.8 	0.8 	0.4 	0.4 	1.7 	6 	0 	6.9 	-3.3
Brandan Wright
	MEM 	28 	12 	6 	6 	17.7 	2.9 	4.3 	67.3 	0.0 	0.0 	0.0 	1.1 	2.0 	54.2 	1.2 	2.4 	3.6 	0.5 	0.8 	0.4 	1.3 	1.8 	0 	0 	6.9 	-4.8
Channing Frye
	CLE 	32 	67 	34 	33 	16.8 	2.1 	4.9 	43.6 	1.3 	3.3 	39.0 	0.4 	0.5 	85.3 	0.5 	2.9 	3.4 	1.0 	0.6 	0.4 	0.4 	1.8 	0 	0 	6.0 	1.9
Chris Andersen
	MEM 	37 	23 	11 	12 	14.7 	1.3 	2.5 	53.4 	0.2 	0.5 	36.4 	1.0 	1.4 	68.8 	1.3 	2.3 	3.5 	0.4 	0.3 	0.4 	0.6 	1.2 	0 	0 	3.8 	-3.2
David Lee
	DAL 	32 	51 	25 	26 	16.6 	3.4 	6.4 	53.1 	0.0 	0.0 	0.0 	1.3 	1.7 	76.1 	1.9 	3.7 	5.6 	1.6 	1.2 	0.4 	0.5 	2.1 	4 	0 	8.1 	-1.7
Derrick Williams
	NYK 	24 	77 	31 	46 	17.6 	3.1 	7.0 	44.4 	0.5 	1.8 	28.4 	2.5 	3.3 	75.4 	0.6 	3.1 	3.7 	0.9 	0.7 	0.4 	0.1 	0.9 	4 	0 	9.2 	-2.7
Devyn Marble
	ORL 	23 	24 	10 	14 	7.4 	0.6 	2.1 	30.0 	0.3 	0.9 	27.3 	0.2 	0.4 	40.0 	0.2 	0.9 	1.1 	0.3 	0.2 	0.4 	0.0 	0.8 	0 	0 	1.7 	0.2
Donatas Motiejunas
	HOU 	25 	33 	16 	17 	14.6 	2.5 	5.5 	44.3 	0.5 	1.6 	28.8 	0.9 	1.4 	61.7 	0.9 	2.0 	2.9 	1.0 	1.2 	0.4 	0.1 	1.9 	0 	0 	6.2 	0.2
Elijah Millsap
	UTA 	28 	20 	9 	11 	8.6 	0.6 	2.0 	28.2 	0.1 	0.6 	8.3 	0.7 	0.9 	72.2 	0.3 	1.5 	1.8 	1.0 	0.5 	0.4 	0.2 	1.7 	0 	0 	1.8 	1.1
Festus Ezeli
	GSW 	26 	42 	38 	4 	17.2 	2.8 	5.1 	55.4 	0.0 	0.0 	0.0 	1.6 	3.0 	52.4 	2.0 	3.6 	5.7 	0.7 	0.9 	0.4 	1.2 	2.2 	6 	0 	7.2 	4.8
Glenn Robinson
	IND 	22 	42 	22 	20 	11.1 	1.4 	3.2 	43.3 	0.3 	0.8 	34.4 	0.6 	0.9 	69.2 	0.3 	1.3 	1.5 	0.5 	0.4 	0.4 	0.2 	0.4 	0 	0 	3.7 	-0.8
Jahlil Okafor
	PHI 	20 	53 	6 	47 	30.0 	7.5 	14.7 	50.8 	0.0 	0.1 	16.7 	2.5 	3.7 	68.6 	2.3 	4.7 	7.0 	1.2 	2.3 	0.4 	1.2 	2.6 	11 	0 	17.5 	-9.4
Jason Smith
	ORL 	30 	72 	31 	41 	15.4 	3.2 	6.5 	49.4 	0.1 	0.2 	26.7 	0.7 	0.9 	79.7 	0.7 	2.1 	2.8 	0.8 	0.8 	0.4 	0.8 	2.2 	1 	0 	7.2 	-0.3
Jeff Withey
	UTA 	26 	48 	24 	24 	12.9 	1.7 	3.2 	53.6 	0.0 	0.0 	0.0 	0.9 	1.2 	73.2 	1.1 	2.2 	3.4 	0.4 	0.6 	0.4 	1.1 	1.5 	2 	0 	4.3 	1.4
Jonas Valanciunas
	TOR 	23 	56 	37 	19 	26.2 	5.0 	8.9 	56.7 	0.0 	0.0 	0.0 	2.7 	3.6 	76.4 	3.1 	6.1 	9.2 	0.7 	1.4 	0.4 	1.3 	2.6 	21 	0 	12.8 	2.4
Jonathon Simmons
	SAS 	26 	52 	45 	7 	14.3 	2.1 	4.2 	49.8 	0.3 	0.8 	42.9 	1.1 	1.5 	75.6 	0.3 	1.3 	1.6 	1.1 	0.9 	0.4 	0.1 	1.9 	0 	0 	5.7 	1.8
Jorge Gutierrez
	CHA 	27 	8 	6 	2 	4.9 	0.5 	0.6 	80.0 	0.0 	0.0 	0.0 	0.8 	0.9 	85.7 	0.0 	0.4 	0.4 	1.4 	0.6 	0.4 	0.0 	0.3 	0 	0 	1.8 	1.4
Josh McRoberts
	MIA 	29 	40 	26 	14 	14.0 	1.3 	3.4 	39.0 	0.3 	1.1 	24.4 	0.6 	0.9 	69.4 	0.5 	1.9 	2.4 	1.9 	0.7 	0.4 	0.2 	1.7 	1 	0 	3.6 	0.0
Kelly Oubre
	WAS 	20 	60 	28 	32 	10.0 	1.3 	3.1 	42.2 	0.4 	1.2 	32.9 	0.5 	0.8 	66.7 	0.4 	1.6 	2.0 	0.2 	0.5 	0.4 	0.1 	1.5 	0 	0 	3.5 	-0.9
Kevin Martin
	SAS 	33 	50 	22 	28 	19.9 	2.9 	7.7 	37.0 	0.9 	2.4 	37.2 	2.8 	3.2 	88.1 	0.2 	1.7 	1.9 	1.1 	0.9 	0.4 	0.1 	1.6 	0 	0 	9.4 	-1.9
Kyle Singler
	OKC 	27 	65 	42 	23 	14.3 	1.2 	3.2 	37.4 	0.4 	1.4 	27.5 	0.4 	0.6 	69.0 	0.8 	1.3 	2.0 	0.3 	0.5 	0.4 	0.1 	1.7 	0 	0 	3.3 	-0.4
Lance Thomas
	NYK 	27 	59 	25 	34 	22.3 	2.9 	6.5 	44.2 	0.7 	1.8 	40.4 	1.7 	2.0 	85.7 	0.6 	1.6 	2.2 	0.9 	1.0 	0.4 	0.1 	1.8 	0 	0 	8.2 	-0.7
Lorenzo Brown
	DET 	25 	8 	1 	7 	7.6 	1.0 	3.1 	32.0 	0.1 	1.0 	12.5 	0.4 	0.5 	75.0 	0.0 	0.9 	0.9 	1.4 	1.1 	0.4 	0.1 	0.5 	0 	0 	2.5 	-3.8
Lucas Nogueira
	TOR 	23 	25 	14 	11 	6.6 	0.9 	1.4 	64.7 	0.0 	0.1 	50.0 	0.3 	0.5 	61.5 	0.6 	0.7 	1.3 	0.1 	0.3 	0.4 	0.3 	0.8 	0 	0 	2.1 	0.3
Mario Hezonja
	ORL 	21 	75 	31 	44 	17.0 	2.2 	5.1 	42.8 	0.8 	2.3 	34.5 	0.6 	0.7 	89.8 	0.4 	1.8 	2.1 	1.3 	1.2 	0.4 	0.2 	1.6 	0 	0 	5.7 	0.2
Michael Kidd-Gilchrist
	CHA 	22 	7 	5 	2 	29.2 	4.7 	8.7 	54.1 	0.4 	1.0 	42.9 	2.9 	4.1 	69.0 	1.7 	4.7 	6.4 	1.3 	1.1 	0.4 	0.4 	1.3 	2 	0 	12.7 	8.3
Mike Scott
	ATL 	27 	71 	44 	27 	15.3 	2.4 	5.1 	46.4 	0.8 	2.1 	38.4 	0.6 	0.8 	78.0 	0.7 	2.1 	2.7 	1.0 	0.6 	0.4 	0.2 	1.4 	0 	0 	6.2 	1.9
Mirza Teletovic
	PHX 	30 	75 	20 	55 	20.8 	3.9 	9.4 	42.0 	2.2 	5.7 	39.2 	1.5 	1.9 	76.9 	0.7 	3.1 	3.7 	1.1 	1.0 	0.4 	0.3 	2.0 	2 	0 	11.6 	-2.6
Myles Turner
	IND 	20 	56 	29 	27 	22.8 	4.4 	8.8 	49.3 	0.1 	0.3 	21.4 	1.4 	1.9 	72.2 	1.1 	4.3 	5.5 	0.6 	1.0 	0.4 	1.4 	2.6 	3 	0 	10.2 	-1.0
Nemanja Bjelica
	MIN 	27 	56 	17 	39 	17.3 	1.7 	3.8 	44.3 	0.7 	2.0 	35.1 	0.6 	0.8 	70.2 	0.7 	2.5 	3.2 	1.3 	0.7 	0.4 	0.3 	2.5 	1 	0 	4.6 	-2.7
Nick Young
	LAL 	30 	54 	13 	41 	19.1 	2.3 	6.9 	33.9 	1.4 	4.4 	32.5 	1.2 	1.4 	82.9 	0.3 	1.5 	1.8 	0.6 	0.6 	0.4 	0.1 	0.9 	0 	0 	7.3 	-3.7
Orlando Johnson
	NOP 	27 	7 	1 	6 	14.5 	1.3 	4.9 	26.5 	0.3 	1.4 	20.0 	0.9 	1.1 	75.0 	0.6 	1.6 	2.1 	0.3 	0.6 	0.4 	0.4 	1.3 	0 	0 	3.7 	-5.3
RJ Hunter
	BOS 	22 	33 	20 	13 	9.0 	0.9 	2.8 	34.1 	0.5 	1.8 	27.1 	0.2 	0.2 	83.3 	0.1 	1.0 	1.0 	0.4 	0.3 	0.4 	0.1 	0.9 	0 	0 	2.5 	-0.9
Rashad Vaughn
	MIL 	19 	66 	29 	37 	13.2 	1.0 	3.4 	30.4 	0.5 	1.8 	30.0 	0.2 	0.2 	84.6 	0.2 	1.0 	1.2 	0.5 	0.4 	0.4 	0.2 	1.0 	0 	0 	2.8 	-2.0
Richaun Holmes
	PHI 	22 	51 	7 	44 	13.8 	2.2 	4.4 	51.4 	0.2 	0.9 	18.2 	1.0 	1.5 	68.9 	1.2 	1.4 	2.6 	0.6 	0.6 	0.4 	0.8 	1.8 	0 	0 	5.6 	-1.0
Roy Hibbert
	LAL 	29 	77 	16 	61 	23.3 	2.3 	5.1 	44.9 	0.0 	0.0 	0.0 	1.5 	1.9 	80.4 	1.6 	3.3 	4.9 	1.2 	0.9 	0.4 	1.4 	3.1 	3 	0 	6.1 	-8.4
Shabazz Napier
	ORL 	24 	53 	23 	30 	11.0 	1.2 	3.7 	33.7 	0.6 	1.9 	32.7 	0.6 	0.8 	73.2 	0.2 	0.9 	1.0 	1.8 	0.9 	0.4 	0.0 	0.7 	0 	0 	3.7 	-0.9
Spencer Hawes
	CHA 	27 	53 	27 	26 	18.5 	2.2 	5.5 	39.4 	0.6 	1.8 	35.1 	1.0 	1.2 	83.6 	0.9 	3.5 	4.3 	1.9 	1.0 	0.4 	0.5 	1.9 	1 	0 	5.9 	1.2
Steve Blake
	DET 	36 	55 	32 	23 	16.7 	1.5 	4.0 	37.6 	0.9 	2.5 	33.8 	0.3 	0.3 	77.8 	0.2 	1.4 	1.5 	3.4 	1.4 	0.4 	0.1 	1.2 	0 	0 	4.1 	-0.9
Tarik Black
	LAL 	24 	35 	5 	30 	12.2 	1.4 	2.6 	53.8 	0.0 	0.0 	0.0 	0.5 	1.2 	43.9 	1.1 	2.8 	3.9 	0.4 	0.5 	0.4 	0.4 	1.9 	0 	0 	3.3 	1.4
Tim Hardaway Jr.
	ATL 	24 	47 	27 	20 	16.9 	2.1 	5.1 	41.9 	0.9 	2.8 	32.3 	1.0 	1.1 	88.7 	0.1 	1.5 	1.7 	1.0 	0.5 	0.4 	0.1 	1.0 	0 	0 	6.2 	2.6
Tony Wroten
	NYK 	22 	8 	0 	8 	18.0 	2.8 	8.1 	33.8 	0.4 	2.1 	17.6 	2.5 	4.6 	54.1 	0.3 	2.4 	2.6 	2.5 	3.6 	0.4 	0.0 	1.4 	0 	0 	8.4 	-8.5
Tristan Thompson
	CLE 	25 	79 	56 	23 	27.9 	3.1 	5.2 	59.4 	0.0 	0.0 	0.0 	1.8 	2.9 	61.9 	3.3 	5.8 	9.1 	0.7 	0.8 	0.4 	0.6 	2.5 	23 	0 	8.0 	4.4
Adreian Payne
	MIN 	25 	49 	16 	33 	9.4 	1.0 	2.7 	37.6 	0.2 	0.6 	30.0 	0.3 	0.4 	70.0 	0.3 	1.8 	2.1 	0.6 	0.7 	0.3 	0.2 	1.5 	0 	0 	2.5 	-2.0
Alan Williams
	PHX 	23 	6 	0 	6 	4.2 	0.5 	1.0 	50.0 	0.0 	0.0 	0.0 	0.7 	1.3 	50.0 	0.8 	1.0 	1.8 	0.2 	0.5 	0.3 	0.0 	1.2 	0 	0 	1.7 	0.5
Alexis Ajinca
	NOP 	27 	57 	19 	38 	14.0 	2.4 	5.1 	47.1 	0.0 	0.0 	0.0 	0.8 	1.0 	82.8 	1.2 	3.2 	4.4 	0.5 	0.9 	0.3 	0.6 	2.2 	3 	0 	5.6 	-0.8
Amar'e Stoudemire
	MIA 	33 	49 	28 	21 	14.9 	2.4 	4.2 	56.0 	0.0 	0.0 	0.0 	1.0 	1.3 	75.8 	1.3 	3.1 	4.4 	0.6 	0.9 	0.3 	0.8 	1.7 	2 	0 	5.8 	0.2
Anderson Varejao
	GSW 	33 	51 	39 	12 	9.6 	1.0 	2.4 	43.8 	0.0 	0.0 	0.0 	0.6 	1.0 	64.0 	0.7 	1.9 	2.6 	0.7 	0.4 	0.3 	0.2 	1.4 	0 	0 	2.7 	0.5
Anthony Bennett
	TOR 	23 	19 	12 	7 	4.4 	0.4 	1.4 	29.6 	0.2 	0.7 	21.4 	0.5 	0.5 	90.0 	0.3 	0.9 	1.2 	0.0 	0.2 	0.3 	0.0 	0.4 	0 	0 	1.5 	-1.6
Anthony Morrow
	OKC 	30 	65 	45 	20 	13.6 	2.0 	4.9 	41.1 	1.2 	3.0 	38.7 	0.4 	0.5 	70.6 	0.2 	0.7 	0.9 	0.4 	0.3 	0.3 	0.1 	1.0 	0 	0 	5.5 	1.5
Aron Baynes
	DET 	29 	78 	41 	37 	15.0 	2.4 	4.7 	50.7 	0.0 	0.0 	0.0 	1.4 	1.9 	74.5 	1.7 	3.0 	4.8 	0.6 	0.8 	0.3 	0.6 	1.9 	1 	0 	6.2 	-0.7
Beno Udrih
	MIA 	33 	44 	26 	18 	16.1 	2.0 	4.5 	43.4 	0.3 	1.0 	34.1 	0.4 	0.5 	90.0 	0.2 	1.5 	1.6 	2.6 	1.2 	0.3 	0.0 	1.2 	1 	0 	4.7 	-0.5
Bojan Bogdanovic
	BKN 	26 	75 	21 	54 	26.6 	4.0 	9.2 	43.6 	1.6 	4.2 	37.7 	1.4 	1.6 	82.9 	0.5 	2.7 	3.2 	1.3 	1.5 	0.3 	0.1 	1.5 	1 	0 	11.0 	-4.4
Boris Diaw
	SAS 	33 	75 	63 	12 	18.2 	2.7 	5.1 	52.8 	0.3 	0.9 	36.8 	0.7 	1.0 	73.7 	0.8 	2.3 	3.1 	2.3 	1.2 	0.3 	0.3 	1.3 	0 	0 	6.4 	3.9
Brandon Rush
	GSW 	30 	68 	59 	9 	15.1 	1.6 	3.7 	42.9 	0.9 	2.2 	41.1 	0.3 	0.4 	64.3 	0.3 	2.3 	2.6 	0.8 	0.4 	0.3 	0.3 	0.8 	0 	0 	4.4 	-0.3
Carl Landry
	PHI 	32 	36 	5 	31 	15.8 	3.9 	6.9 	55.6 	0.2 	0.4 	46.2 	1.9 	2.5 	73.6 	1.4 	2.7 	4.1 	0.9 	0.6 	0.3 	0.3 	1.9 	0 	0 	9.8 	-3.1
Charlie Villanueva
	DAL 	31 	59 	28 	31 	10.8 	2.0 	5.2 	37.9 	0.7 	2.7 	25.6 	0.4 	0.4 	91.7 	0.4 	2.1 	2.5 	0.4 	0.5 	0.3 	0.3 	1.1 	0 	0 	5.0 	-1.6
Christian Wood
	PHI 	20 	16 	0 	16 	7.8 	1.3 	3.0 	41.7 	0.3 	0.6 	40.0 	0.6 	0.8 	69.2 	0.6 	1.4 	2.1 	0.2 	0.1 	0.3 	0.3 	0.6 	0 	0 	3.3 	-1.7
DeJuan Blair
	WAS 	26 	29 	12 	17 	7.5 	1.0 	2.3 	41.2 	0.0 	0.0 	0.0 	0.2 	0.4 	38.5 	0.7 	1.3 	2.0 	0.4 	0.5 	0.3 	0.1 	1.8 	0 	0 	2.1 	-1.4
Delon Wright
	TOR 	23 	24 	16 	8 	6.0 	0.8 	2.0 	40.8 	0.2 	0.3 	50.0 	0.6 	0.9 	66.7 	0.2 	0.9 	1.1 	0.7 	0.4 	0.3 	0.0 	0.3 	0 	0 	2.4 	-0.2
Dewayne Dedmon
	ORL 	26 	55 	20 	35 	12.1 	1.6 	2.9 	55.3 	0.0 	0.0 	0.0 	0.9 	1.3 	74.3 	1.2 	2.7 	3.9 	0.2 	0.5 	0.3 	0.7 	1.8 	1 	0 	4.2 	-0.9
Enes Kanter
	OKC 	23 	79 	54 	25 	20.8 	5.1 	8.8 	58.0 	0.1 	0.2 	47.1 	2.4 	3.0 	80.3 	3.0 	5.0 	8.1 	0.4 	1.4 	0.3 	0.4 	2.0 	24 	0 	12.8 	1.4
Ian Clark
	GSW 	25 	63 	56 	7 	9.0 	1.4 	3.2 	44.3 	0.5 	1.3 	36.1 	0.4 	0.5 	82.4 	0.2 	0.9 	1.1 	1.0 	0.7 	0.3 	0.2 	0.9 	0 	0 	3.7 	-1.2
JaKarr Sampson
	DEN 	23 	70 	17 	53 	15.9 	1.9 	4.4 	43.9 	0.2 	0.9 	21.7 	1.1 	1.7 	65.3 	0.6 	2.0 	2.6 	0.7 	1.0 	0.3 	0.5 	2.0 	0 	0 	5.1 	-3.4
James Anderson
	SAC 	27 	47 	17 	30 	12.9 	1.1 	3.0 	36.4 	0.4 	1.5 	29.2 	0.4 	0.4 	89.5 	0.2 	1.3 	1.5 	0.7 	0.6 	0.3 	0.2 	1.0 	0 	0 	3.0 	-1.6
James Michael McAdoo
	GSW 	23 	40 	36 	4 	6.5 	1.1 	2.1 	54.9 	0.0 	0.0 	100 	0.7 	1.2 	53.1 	0.8 	0.7 	1.5 	0.4 	0.4 	0.3 	0.2 	1.0 	0 	0 	2.9 	-2.2
Jared Cunningham
	MIL 	24 	44 	31 	13 	9.3 	0.8 	2.4 	34.3 	0.3 	0.9 	30.8 	0.8 	1.3 	65.5 	0.1 	0.8 	0.9 	0.5 	0.5 	0.3 	0.0 	0.9 	0 	0 	2.7 	-1.0
Jarell Martin
	MEM 	21 	23 	10 	13 	13.6 	1.9 	4.2 	44.3 	0.0 	0.1 	0.0 	1.6 	2.1 	73.5 	1.4 	1.8 	3.2 	0.6 	0.7 	0.3 	0.3 	1.9 	0 	0 	5.3 	-0.8
Jason Thompson
	TOR 	29 	42 	34 	8 	9.3 	1.0 	2.0 	49.4 	0.0 	0.2 	28.6 	0.8 	1.1 	70.8 	0.6 	2.0 	2.6 	0.6 	0.3 	0.3 	0.4 	1.6 	0 	0 	2.8 	-0.5
Joe Young
	IND 	23 	38 	17 	21 	9.1 	1.5 	3.9 	37.8 	0.2 	1.0 	23.1 	0.5 	0.7 	80.0 	0.2 	1.0 	1.2 	1.4 	0.8 	0.3 	0.0 	0.8 	0 	0 	3.7 	-0.8
John Henson
	MIL 	25 	53 	21 	32 	16.6 	2.8 	4.9 	58.3 	0.0 	0.0 	0.0 	1.1 	2.0 	57.1 	1.5 	2.3 	3.8 	1.0 	1.1 	0.3 	1.9 	2.3 	2 	0 	6.8 	-2.4
Johnny O'Bryant
	MIL 	22 	63 	26 	37 	12.8 	1.2 	3.1 	40.0 	0.0 	0.0 	100 	0.3 	0.5 	66.7 	1.0 	1.6 	2.6 	0.5 	0.5 	0.3 	0.1 	1.5 	0 	0 	2.8 	-1.9
Jose Juan Barea
	DAL 	31 	72 	36 	36 	22.7 	4.3 	9.6 	45.1 	1.4 	3.5 	39.4 	1.0 	1.3 	77.7 	0.3 	1.7 	2.0 	4.1 	1.5 	0.3 	0.0 	1.5 	2 	0 	11.1 	-1.2
Josh Huestis
	OKC 	24 	3 	1 	2 	13.8 	1.7 	2.3 	71.4 	1.3 	1.3 	100 	0.0 	1.3 	0.0 	0.3 	2.0 	2.3 	0.0 	1.0 	0.3 	0.7 	0.7 	0 	0 	4.7 	3.7
Justin Anderson
	DAL 	22 	51 	26 	25 	10.6 	1.2 	3.0 	40.6 	0.4 	1.4 	25.7 	0.6 	0.8 	79.5 	0.3 	1.8 	2.1 	0.5 	0.4 	0.3 	0.4 	0.7 	0 	0 	3.4 	0.2
Kendrick Perkins
	NOP 	31 	33 	12 	21 	14.3 	1.1 	1.9 	59.7 	0.0 	0.0 	0.0 	0.2 	0.6 	38.1 	0.6 	2.8 	3.4 	0.8 	1.0 	0.3 	0.2 	1.7 	0 	0 	2.5 	-1.1
Kirk Hinrich
	ATL 	35 	43 	25 	18 	14.4 	1.1 	3.0 	38.3 	0.6 	1.4 	38.7 	0.3 	0.4 	93.8 	0.2 	1.4 	1.6 	1.7 	0.7 	0.3 	0.0 	1.5 	0 	0 	3.2 	0.2
Kyle O'Quinn
	NYK 	26 	62 	25 	37 	11.4 	1.9 	4.0 	48.8 	0.1 	0.3 	23.8 	0.7 	0.9 	76.4 	1.1 	2.6 	3.6 	1.1 	0.9 	0.3 	0.7 	1.6 	1 	0 	4.6 	-1.1
Lamar Patterson
	ATL 	24 	35 	23 	12 	11.3 	0.8 	2.3 	35.0 	0.3 	1.4 	24.5 	0.5 	0.6 	72.7 	0.1 	1.3 	1.4 	1.1 	0.7 	0.3 	0.1 	1.3 	0 	0 	2.4 	0.9
Lavoy Allen
	IND 	27 	75 	40 	35 	20.3 	2.3 	4.6 	50.9 	0.0 	0.0 	0.0 	0.6 	0.9 	60.9 	2.0 	3.3 	5.3 	1.0 	0.9 	0.3 	0.5 	1.9 	4 	0 	5.3 	2.0
Marreese Speights
	GSW 	28 	68 	60 	8 	11.6 	2.7 	6.4 	43.1 	0.4 	0.9 	41.4 	1.3 	1.6 	81.1 	1.1 	2.2 	3.3 	0.9 	0.9 	0.3 	0.5 	1.7 	1 	0 	7.1 	0.2
Miles Plumlee
	MIL 	27 	57 	22 	35 	13.7 	2.2 	3.6 	60.4 	0.0 	0.0 	0.0 	0.5 	0.9 	56.6 	1.5 	2.0 	3.6 	0.2 	0.7 	0.3 	0.8 	1.2 	0 	0 	4.9 	-1.8
Mo Williams
	CLE 	33 	41 	27 	14 	18.2 	3.2 	7.4 	43.7 	0.9 	2.5 	35.3 	0.9 	1.0 	90.5 	0.1 	1.6 	1.8 	2.4 	1.4 	0.3 	0.1 	1.5 	0 	0 	8.2 	-1.2
Montrezl Harrell
	HOU 	22 	38 	16 	22 	9.8 	1.5 	2.2 	65.9 	0.0 	0.0 	0.0 	0.6 	1.2 	52.2 	0.7 	1.0 	1.7 	0.4 	0.4 	0.3 	0.3 	1.2 	0 	0 	3.6 	0.9
Noah Vonleh
	POR 	20 	76 	40 	36 	15.0 	1.5 	3.5 	42.4 	0.1 	0.6 	25.6 	0.5 	0.6 	73.5 	1.2 	2.7 	3.9 	0.4 	0.6 	0.3 	0.3 	1.9 	0 	0 	3.6 	-0.9
Omer Asik
	NOP 	29 	64 	28 	36 	17.0 	1.4 	2.7 	51.2 	0.0 	0.0 	0.0 	0.8 	1.6 	54.0 	1.8 	4.3 	6.0 	0.4 	0.9 	0.3 	0.4 	1.8 	1 	0 	3.6 	-2.9
Rasual Butler
	SAS 	36 	46 	41 	5 	9.4 	1.1 	2.3 	47.1 	0.3 	1.1 	30.6 	0.2 	0.3 	68.8 	0.1 	1.2 	1.2 	0.5 	0.2 	0.3 	0.5 	0.2 	0 	0 	2.7 	1.7
Ray McCallum
	MEM 	24 	41 	30 	11 	11.6 	1.3 	3.6 	37.7 	0.4 	1.0 	35.7 	0.3 	0.4 	80.0 	0.2 	1.0 	1.1 	1.5 	0.6 	0.3 	0.2 	0.7 	0 	0 	3.3 	0.5
Reggie Bullock
	DET 	25 	34 	20 	14 	10.5 	1.1 	2.5 	43.5 	0.6 	1.4 	41.3 	0.4 	0.4 	92.3 	0.4 	1.2 	1.6 	0.6 	0.2 	0.3 	0.1 	0.7 	0 	0 	3.1 	-1.6
Russ Smith
	MEM 	24 	15 	6 	9 	4.4 	0.5 	1.5 	31.8 	0.1 	0.3 	20.0 	0.5 	0.9 	61.5 	0.1 	0.5 	0.6 	0.7 	0.5 	0.3 	0.1 	0.3 	0 	0 	1.5 	-2.7
Ryan Kelly
	LAL 	24 	32 	2 	30 	13.3 	1.7 	4.3 	38.1 	0.2 	1.2 	13.5 	1.1 	1.6 	69.2 	0.6 	3.0 	3.5 	0.6 	0.5 	0.3 	0.3 	1.2 	0 	0 	4.6 	0.3
Sam Dekker
	HOU 	21 	3 	1 	2 	2.0 	0.0 	0.0 	0.0 	0.0 	0.0 	0.0 	0.0 	0.0 	0.0 	0.0 	0.3 	0.3 	0.0 	0.0 	0.3 	0.0 	0.0 	0 	0 	0.0 	-0.7
Sean Kilpatrick
	BKN 	26 	27 	7 	20 	18.5 	3.6 	7.8 	46.0 	1.1 	3.3 	34.8 	1.8 	2.0 	90.7 	0.4 	1.2 	1.6 	0.7 	1.1 	0.3 	0.0 	1.2 	0 	0 	10.1 	-5.1
Shabazz Muhammad
	MIN 	23 	78 	26 	52 	20.5 	3.7 	8.1 	45.8 	0.5 	1.8 	28.9 	2.2 	2.9 	77.2 	1.2 	2.1 	3.3 	0.6 	0.9 	0.3 	0.1 	1.2 	0 	0 	10.1 	-3.7
Spencer Dinwiddie
	DET 	23 	10 	4 	6 	11.5 	1.4 	3.7 	37.8 	0.1 	0.7 	14.3 	1.1 	1.9 	57.9 	0.1 	0.9 	1.0 	1.4 	0.7 	0.3 	0.0 	1.7 	0 	0 	4.0 	-4.9
Timofey Mozgov
	CLE 	29 	74 	52 	22 	17.3 	2.6 	4.7 	56.5 	0.0 	0.1 	14.3 	0.9 	1.3 	71.0 	1.5 	2.9 	4.4 	0.4 	0.9 	0.3 	0.7 	2.1 	1 	0 	6.2 	0.2
Trey Lyles
	UTA 	20 	76 	37 	39 	16.8 	2.3 	5.2 	43.3 	0.6 	1.4 	38.2 	0.7 	1.0 	68.0 	0.8 	2.8 	3.6 	0.7 	0.8 	0.3 	0.2 	1.4 	1 	0 	5.7 	-0.5
Tyler Hansbrough
	CHA 	30 	40 	25 	15 	8.0 	0.7 	1.7 	43.3 	0.1 	0.1 	66.7 	0.8 	1.4 	56.1 	1.0 	1.2 	2.2 	0.2 	0.3 	0.3 	0.2 	1.3 	1 	0 	2.3 	-0.8
Aaron Harrison
	CHA 	21 	18 	12 	6 	4.1 	0.2 	0.8 	20.0 	0.1 	0.4 	25.0 	0.2 	0.6 	40.0 	0.2 	0.3 	0.6 	0.1 	0.2 	0.2 	0.0 	0.4 	0 	0 	0.7 	-0.2
Alan Anderson
	WAS 	33 	9 	5 	4 	14.5 	1.9 	4.6 	41.5 	1.2 	3.1 	39.3 	1.0 	1.2 	81.8 	0.1 	2.0 	2.1 	1.0 	0.2 	0.2 	0.1 	1.9 	0 	0 	6.0 	4.8
Andrew Nicholson
	ORL 	26 	53 	21 	32 	14.8 	2.7 	5.6 	48.3 	0.8 	2.1 	37.6 	0.9 	1.2 	77.0 	0.6 	3.1 	3.7 	0.5 	0.7 	0.2 	0.4 	1.2 	0 	0 	7.1 	0.9
Bismack Biyombo
	TOR 	23 	77 	52 	25 	22.4 	1.9 	3.5 	53.9 	0.0 	0.0 	0.0 	1.8 	2.8 	62.8 	2.2 	5.8 	8.1 	0.3 	0.9 	0.2 	1.7 	2.8 	9 	0 	5.5 	1.0
Boban Marjanovic
	SAS 	27 	50 	45 	5 	8.6 	1.8 	3.0 	58.9 	0.0 	0.0 	0.0 	1.5 	2.0 	75.0 	1.3 	2.1 	3.4 	0.4 	0.5 	0.2 	0.4 	1.0 	2 	0 	5.1 	0.9
Brian Roberts
	POR 	30 	50 	25 	25 	9.1 	1.4 	3.1 	43.6 	0.3 	0.8 	35.9 	0.8 	0.9 	89.1 	0.1 	0.7 	0.8 	1.1 	0.5 	0.2 	0.0 	0.6 	0 	0 	3.8 	-1.3
Bruno Caboclo
	TOR 	20 	5 	5 	0 	1.5 	0.0 	0.6 	0.0 	0.0 	0.0 	0.0 	0.0 	0.0 	0.0 	0.0 	0.2 	0.2 	0.0 	0.2 	0.2 	0.0 	0.0 	0 	0 	0.0 	-2.8
Cristiano Felicio
	CHI 	23 	27 	11 	16 	8.4 	0.8 	1.7 	48.9 	0.0 	0.1 	0.0 	0.6 	0.9 	62.5 	0.8 	2.0 	2.8 	0.7 	0.3 	0.2 	0.3 	0.8 	0 	0 	2.2 	0.4
Damien Inglis
	MIL 	20 	18 	5 	13 	6.7 	0.5 	1.6 	31.0 	0.1 	0.6 	10.0 	0.4 	0.4 	87.5 	0.1 	1.3 	1.4 	0.4 	0.4 	0.2 	0.2 	0.4 	0 	0 	1.4 	-2.4
Darrun Hilliard
	DET 	22 	37 	16 	21 	9.7 	1.4 	3.4 	41.1 	0.5 	1.3 	38.8 	0.7 	1.0 	71.1 	0.1 	1.0 	1.1 	0.7 	0.4 	0.2 	0.0 	0.7 	0 	0 	4.0 	-0.2
Doug McDermott
	CHI 	24 	77 	38 	39 	23.0 	3.6 	8.0 	45.0 	1.4 	3.3 	42.5 	0.9 	1.0 	86.8 	0.5 	1.9 	2.4 	0.7 	0.7 	0.2 	0.1 	1.6 	0 	0 	9.4 	-0.9
Drew Gooden
	WAS 	34 	29 	17 	12 	10.4 	1.1 	3.6 	32.0 	0.2 	1.4 	17.1 	0.3 	0.4 	66.7 	1.0 	2.0 	2.9 	0.4 	0.4 	0.2 	0.4 	1.4 	2 	0 	2.8 	-2.8
Greg Smith
	MIN 	25 	15 	6 	9 	12.0 	1.2 	2.1 	56.3 	0.0 	0.0 	0.0 	0.5 	1.1 	41.2 	0.7 	1.9 	2.6 	0.3 	0.4 	0.2 	0.1 	1.8 	0 	0 	2.9 	-4.3
JaVale McGee
	DAL 	28 	33 	15 	18 	11.1 	2.3 	4.0 	57.9 	0.0 	0.0 	0.0 	0.5 	1.1 	50.0 	1.6 	2.4 	4.0 	0.1 	0.6 	0.2 	0.8 	1.5 	1 	0 	5.2 	-1.8
James Jones
	CLE 	35 	46 	32 	14 	9.3 	1.2 	2.9 	40.9 	0.9 	2.2 	40.4 	0.5 	0.6 	80.8 	0.2 	0.8 	1.0 	0.3 	0.2 	0.2 	0.2 	1.0 	0 	0 	3.7 	-0.4
James Young
	BOS 	20 	27 	12 	15 	7.3 	0.4 	1.3 	30.6 	0.2 	1.0 	23.1 	0.0 	0.1 	25.0 	0.1 	0.8 	1.0 	0.3 	0.2 	0.2 	0.0 	0.6 	0 	0 	1.1 	-1.3
Jeremy Evans
	DAL 	28 	30 	16 	14 	8.4 	0.9 	1.6 	54.2 	0.1 	0.5 	25.0 	0.5 	0.7 	71.4 	0.4 	1.4 	1.8 	0.1 	0.2 	0.2 	0.3 	0.6 	0 	0 	2.4 	-1.4
Jimmer Fredette
	NYK 	27 	6 	1 	5 	2.9 	0.3 	0.8 	40.0 	0.2 	0.3 	50.0 	0.7 	0.8 	80.0 	0.0 	0.0 	0.0 	0.2 	0.3 	0.2 	0.0 	0.3 	0 	0 	1.5 	-4.2
Joffrey Lauvergne
	DEN 	24 	57 	23 	34 	17.6 	3.3 	6.4 	52.1 	0.2 	0.9 	25.5 	1.0 	1.1 	88.9 	1.3 	3.6 	4.9 	0.9 	0.8 	0.2 	0.2 	1.9 	5 	0 	7.8 	-3.7
John Jenkins
	PHX 	25 	39 	15 	24 	10.6 	1.6 	3.6 	44.7 	0.4 	1.1 	33.3 	0.5 	0.6 	82.6 	0.2 	1.2 	1.4 	0.7 	0.6 	0.2 	0.0 	0.5 	0 	0 	4.1 	-1.4
Jonas Jerebko
	BOS 	29 	74 	45 	29 	14.9 	1.5 	3.7 	41.9 	0.6 	1.4 	40.4 	0.8 	1.0 	78.1 	1.0 	2.7 	3.6 	0.8 	0.6 	0.2 	0.3 	1.8 	1 	0 	4.4 	0.3
Jordan McRae
	CLE 	25 	20 	9 	11 	7.1 	1.0 	2.3 	41.3 	0.4 	0.9 	41.2 	0.8 	1.0 	80.0 	0.1 	0.6 	0.7 	0.9 	0.5 	0.2 	0.1 	0.6 	0 	0 	3.1 	2.1
Justin Harper
	DET 	26 	5 	4 	1 	7.0 	0.8 	2.0 	40.0 	0.8 	1.8 	44.4 	0.2 	0.4 	50.0 	0.0 	0.2 	0.2 	0.0 	0.4 	0.2 	0.0 	0.6 	0 	0 	2.6 	-6.4
KJ McDaniels
	HOU 	23 	33 	14 	19 	6.5 	0.8 	2.0 	38.5 	0.2 	0.7 	27.3 	0.7 	0.8 	84.6 	0.5 	0.7 	1.1 	0.3 	0.5 	0.2 	0.2 	0.9 	0 	0 	2.4 	2.0
Keith Appling
	ORL 	24 	5 	0 	5 	5.4 	0.4 	1.6 	25.0 	0.0 	0.6 	0.0 	0.4 	0.4 	100 	0.0 	0.2 	0.2 	0.2 	0.6 	0.2 	0.0 	1.0 	0 	0 	1.2 	2.8
Kevin Seraphin
	NYK 	26 	47 	15 	32 	11.0 	1.7 	4.3 	40.8 	0.0 	0.0 	0.0 	0.4 	0.5 	82.6 	0.7 	1.9 	2.6 	1.0 	0.9 	0.2 	0.7 	1.4 	0 	0 	3.9 	-1.9
Kris Humphries
	ATL 	31 	49 	27 	22 	16.3 	2.4 	5.8 	41.3 	0.7 	2.2 	31.8 	1.3 	1.6 	82.1 	1.1 	3.2 	4.3 	0.7 	0.8 	0.2 	0.5 	1.9 	1 	0 	6.8 	-2.2
Lou Amundson
	NYK 	33 	28 	11 	17 	7.0 	0.7 	1.8 	37.3 	0.0 	0.0 	0.0 	0.4 	0.9 	48.0 	0.8 	0.9 	1.7 	0.4 	0.5 	0.2 	0.3 	1.5 	0 	0 	1.8 	-1.6
Luke Babbitt
	NOP 	26 	44 	15 	29 	17.1 	2.5 	5.8 	42.4 	0.9 	2.3 	39.8 	0.7 	1.0 	73.8 	0.5 	2.5 	3.0 	1.0 	0.4 	0.2 	0.2 	1.8 	1 	0 	6.5 	-0.2
Matt Bonner
	SAS 	36 	27 	24 	3 	6.1 	0.9 	1.7 	53.2 	0.5 	1.0 	46.4 	0.1 	0.1 	75.0 	0.1 	0.7 	0.9 	0.3 	0.1 	0.2 	0.0 	0.4 	0 	0 	2.4 	1.4
Mike Miller
	DEN 	36 	45 	20 	25 	7.6 	0.4 	1.2 	35.8 	0.4 	1.0 	37.8 	0.0 	0.0 	0.0 	0.1 	0.9 	1.0 	0.8 	0.4 	0.2 	0.1 	1.1 	0 	0 	1.2 	-1.4
Mike Muscala
	ATL 	24 	56 	32 	24 	9.6 	1.3 	2.5 	50.7 	0.2 	0.7 	29.7 	0.5 	0.7 	78.4 	0.6 	1.3 	2.0 	0.6 	0.5 	0.2 	0.4 	1.2 	0 	0 	3.3 	-0.7
Nick Collison
	OKC 	35 	57 	38 	19 	11.5 	0.8 	1.8 	44.2 	0.0 	0.0 	0.0 	0.4 	0.6 	69.7 	1.1 	1.7 	2.8 	0.8 	0.8 	0.2 	0.3 	1.8 	0 	0 	2.0 	0.5
Robin Lopez
	NYK 	28 	79 	31 	48 	27.1 	4.3 	7.9 	54.2 	0.0 	0.0 	0.0 	1.5 	1.9 	81.6 	3.2 	4.1 	7.3 	1.4 	1.6 	0.2 	1.6 	2.3 	14 	0 	10.1 	-1.1
Ryan Hollins
	MEM 	31 	37 	18 	19 	12.4 	1.3 	2.1 	62.0 	0.0 	0.0 	0.0 	0.7 	1.1 	61.9 	1.3 	1.4 	2.6 	0.3 	0.6 	0.2 	0.6 	1.7 	0 	0 	3.4 	-4.0
Salah Mejri
	DAL 	29 	30 	14 	16 	11.4 	1.4 	2.3 	63.2 	0.0 	0.0 	0.0 	0.7 	1.2 	61.1 	1.3 	2.4 	3.7 	0.3 	0.7 	0.2 	1.1 	1.5 	3 	0 	3.6 	0.7
Sergey Karasev
	BKN 	22 	39 	9 	30 	9.9 	0.7 	1.8 	40.8 	0.3 	0.9 	31.4 	0.6 	0.6 	92.0 	0.2 	1.2 	1.4 	0.9 	0.5 	0.2 	0.1 	0.6 	0 	0 	2.4 	-0.1
Shayne Whittington
	IND 	25 	6 	3 	3 	2.8 	0.3 	0.7 	50.0 	0.0 	0.2 	0.0 	0.0 	0.0 	0.0 	0.2 	0.5 	0.7 	0.5 	0.3 	0.2 	0.2 	0.8 	0 	0 	0.7 	-1.0
Sonny Weems
	PHI 	29 	43 	6 	37 	11.6 	1.0 	2.6 	38.2 	0.3 	1.0 	36.6 	0.2 	0.3 	53.3 	0.2 	1.1 	1.2 	1.1 	1.0 	0.2 	0.0 	1.1 	0 	0 	2.5 	-2.3
Terry Rozier
	BOS 	22 	36 	23 	13 	8.2 	0.8 	2.8 	26.7 	0.2 	0.7 	23.1 	0.2 	0.2 	75.0 	0.7 	1.0 	1.7 	1.0 	0.5 	0.2 	0.0 	0.6 	0 	0 	1.8 	-1.1
Tony Snell
	CHI 	24 	62 	31 	31 	19.9 	1.9 	5.2 	37.2 	0.9 	2.4 	35.6 	0.4 	0.5 	89.3 	0.3 	2.7 	3.0 	1.0 	0.8 	0.2 	0.3 	1.6 	1 	0 	5.1 	1.1
Troy Daniels
	CHA 	24 	39 	22 	17 	9.9 	1.8 	4.0 	46.5 	1.2 	2.5 	47.4 	0.1 	0.2 	55.6 	0.2 	1.1 	1.2 	0.4 	0.5 	0.2 	0.1 	0.8 	0 	0 	5.0 	-0.6
Tyler Zeller
	BOS 	26 	56 	36 	20 	11.9 	2.3 	4.8 	47.0 	0.0 	0.0 	0.0 	1.4 	1.7 	81.9 	1.1 	2.0 	3.1 	0.5 	0.8 	0.2 	0.3 	1.7 	1 	0 	5.9 	-0.9
Udonis Haslem
	MIA 	35 	33 	22 	11 	7.2 	0.6 	1.7 	35.7 	0.0 	0.3 	11.1 	0.3 	0.3 	100 	0.3 	1.7 	2.0 	0.4 	0.2 	0.2 	0.1 	0.6 	0 	0 	1.5 	-0.8
Willie Reed
	BKN 	25 	39 	8 	31 	10.9 	1.9 	3.4 	57.1 	0.0 	0.0 	0.0 	0.8 	1.4 	54.5 	1.3 	1.9 	3.1 	0.3 	0.4 	0.2 	0.8 	1.2 	0 	0 	4.7 	-2.1
Alex Stepheson
	MEM 	28 	8 	2 	6 	9.0 	1.1 	3.4 	33.3 	0.0 	0.0 	0.0 	0.5 	1.5 	33.3 	2.4 	1.1 	3.5 	0.3 	0.0 	0.1 	0.6 	1.5 	1 	0 	2.8 	-0.3
Andrea Bargnani
	BKN 	30 	46 	11 	35 	13.8 	2.8 	6.1 	45.5 	0.1 	0.3 	18.8 	1.0 	1.2 	82.5 	0.6 	1.5 	2.1 	0.4 	0.6 	0.1 	0.2 	1.3 	0 	0 	6.6 	-4.2
Cameron Bairstow
	CHI 	25 	18 	4 	14 	5.7 	0.7 	2.2 	32.5 	0.1 	0.3 	20.0 	0.4 	0.4 	87.5 	0.2 	1.3 	1.6 	0.3 	0.2 	0.1 	0.2 	1.1 	0 	0 	1.9 	-0.4
Chris Copeland
	MIL 	32 	24 	10 	14 	6.5 	0.7 	2.1 	33.3 	0.4 	1.5 	27.8 	0.3 	0.3 	85.7 	0.0 	0.4 	0.4 	0.5 	0.3 	0.1 	0.0 	0.7 	0 	0 	2.1 	-3.3
Chris Kaman
	POR 	33 	16 	11 	5 	7.0 	1.3 	2.7 	46.5 	0.1 	0.3 	25.0 	0.2 	0.2 	100 	0.4 	1.1 	1.5 	0.7 	0.5 	0.1 	0.1 	0.9 	0 	0 	2.8 	-1.9
Cleanthony Early
	NYK 	24 	14 	5 	9 	6.1 	0.6 	1.8 	32.0 	0.1 	0.6 	22.2 	0.1 	0.1 	100 	0.1 	0.8 	0.9 	0.4 	0.4 	0.1 	0.1 	0.4 	0 	0 	1.4 	0.4
Cliff Alexander
	POR 	20 	8 	3 	5 	4.5 	0.6 	1.3 	50.0 	0.0 	0.0 	0.0 	0.0 	0.0 	0.0 	0.3 	0.5 	0.8 	0.0 	0.1 	0.1 	0.3 	0.1 	0 	0 	1.3 	-1.6
Damjan Rudez
	MIN 	29 	30 	7 	23 	8.7 	0.8 	2.0 	41.0 	0.6 	1.6 	34.7 	0.3 	0.3 	100 	0.2 	0.4 	0.6 	0.4 	0.4 	0.1 	0.0 	1.0 	0 	0 	2.5 	-0.1
Erick Green
	UTA 	24 	9 	6 	3 	4.7 	0.6 	1.4 	38.5 	0.1 	0.6 	20.0 	0.2 	0.2 	100 	0.3 	0.3 	0.7 	0.3 	0.0 	0.1 	0.0 	0.4 	0 	0 	1.4 	-0.1
Jarell Eddie
	WAS 	24 	23 	10 	13 	4.5 	0.6 	2.0 	30.4 	0.5 	1.6 	32.4 	0.3 	0.3 	100 	0.0 	0.6 	0.6 	0.1 	0.0 	0.1 	0.0 	0.2 	0 	0 	2.0 	-1.5
Jarnell Stokes
	MIA 	22 	7 	1 	6 	2.7 	0.4 	0.7 	60.0 	0.0 	0.0 	0.0 	0.1 	0.3 	50.0 	0.1 	0.4 	0.6 	0.1 	0.0 	0.1 	0.0 	0.1 	0 	0 	1.0 	1.3
Joel Anthony
	DET 	33 	18 	11 	7 	3.9 	0.2 	0.4 	42.9 	0.0 	0.0 	0.0 	0.3 	0.3 	83.3 	0.4 	0.6 	0.9 	0.1 	0.1 	0.1 	0.2 	0.7 	0 	0 	0.6 	-1.1
Meyers Leonard
	POR 	24 	61 	33 	28 	21.8 	3.2 	7.1 	44.8 	1.4 	3.7 	37.7 	0.6 	0.8 	76.1 	0.8 	4.3 	5.1 	1.5 	1.3 	0.1 	0.3 	3.0 	4 	0 	8.4 	1.6
Mitch McGary
	OKC 	23 	20 	17 	3 	3.6 	0.6 	1.2 	47.8 	0.0 	0.2 	0.0 	0.2 	0.5 	40.0 	0.2 	0.7 	0.9 	0.2 	0.4 	0.1 	0.1 	0.5 	0 	0 	1.3 	-2.5
Nikola Pekovic
	MIN 	30 	12 	2 	10 	13.0 	1.6 	4.2 	38.0 	0.0 	0.0 	0.0 	1.3 	1.7 	80.0 	0.6 	1.2 	1.8 	0.9 	0.8 	0.1 	0.0 	1.8 	0 	0 	4.5 	-5.3
Pat Connaughton
	POR 	23 	33 	16 	17 	3.5 	0.4 	1.3 	27.9 	0.1 	0.5 	23.5 	0.2 	0.2 	100 	0.2 	0.5 	0.7 	0.3 	0.3 	0.1 	0.0 	0.1 	0 	0 	1.0 	-0.6
Robert Sacre
	LAL 	26 	23 	2 	21 	12.6 	1.2 	2.9 	42.4 	0.0 	0.0 	0.0 	0.9 	1.4 	62.5 	1.2 	1.4 	2.6 	0.6 	0.5 	0.1 	0.4 	1.6 	0 	0 	3.3 	-1.5
Sasha Kaun
	CLE 	30 	23 	17 	6 	3.1 	0.3 	0.5 	72.7 	0.0 	0.0 	0.0 	0.2 	0.5 	45.5 	0.4 	0.5 	0.9 	0.1 	0.3 	0.1 	0.1 	0.5 	0 	0 	0.9 	-0.4
Tibor Pleiss
	UTA 	26 	12 	7 	5 	6.8 	0.9 	2.1 	44.0 	0.0 	0.2 	0.0 	0.2 	0.2 	100 	0.5 	0.8 	1.3 	0.2 	0.7 	0.1 	0.2 	1.6 	0 	0 	2.0 	-1.3
Walter Tavares
	ATL 	24 	11 	7 	4 	6.6 	1.0 	1.7 	57.9 	0.0 	0.0 	0.0 	0.3 	0.7 	37.5 	0.6 	1.3 	1.9 	0.3 	0.5 	0.1 	0.5 	0.7 	0 	0 	2.3 	-0.9
Branden Dawson
	LAC 	23 	4 	4 	0 	5.0 	0.3 	0.8 	33.3 	0.0 	0.0 	0.0 	0.0 	0.0 	0.0 	0.5 	0.5 	1.0 	0.0 	0.0 	0.0 	0.3 	0.5 	0 	0 	0.5 	-4.5
Charles Hayes
	HOU 	32 	2 	1 	1 	11.9 	0.5 	1.0 	50.0 	0.0 	0.0 	0.0 	1.0 	1.0 	100 	0.0 	4.0 	4.0 	1.0 	1.5 	0.0 	0.0 	3.0 	0 	0 	2.0 	-1.5
Cory Jefferson
	PHX 	25 	8 	2 	6 	6.3 	1.1 	2.8 	40.9 	0.0 	0.1 	0.0 	0.5 	0.8 	66.7 	0.8 	1.3 	2.0 	0.0 	0.0 	0.0 	0.1 	1.0 	0 	0 	2.8 	-0.6
Coty Clarke
	BOS 	23 	3 	0 	3 	1.9 	0.7 	1.3 	50.0 	0.7 	0.7 	100 	0.0 	0.0 	0.0 	0.0 	0.3 	0.3 	0.0 	0.3 	0.0 	0.0 	0.0 	0 	0 	2.0 	1.3
Elliot Williams
	MEM 	26 	5 	4 	1 	9.0 	0.4 	2.0 	20.0 	0.2 	0.8 	25.0 	0.6 	0.8 	75.0 	0.2 	0.6 	0.8 	0.8 	0.2 	0.0 	0.0 	0.4 	0 	0 	1.6 	-0.6
Eric Moreland
	SAC 	24 	6 	1 	5 	5.1 	0.3 	0.5 	66.7 	0.0 	0.0 	0.0 	0.0 	0.3 	0.0 	0.2 	1.0 	1.2 	0.0 	0.2 	0.0 	0.7 	0.5 	0 	0 	0.7 	2.3
Jeff Ayres
	LAC 	28 	13 	8 	5 	5.3 	0.7 	1.0 	69.2 	0.0 	0.1 	0.0 	0.3 	0.3 	100 	0.3 	0.8 	1.1 	0.2 	0.2 	0.0 	0.2 	0.8 	0 	0 	1.7 	-1.2
Jodie Meeks
	DET 	28 	2 	2 	0 	8.5 	0.5 	2.5 	20.0 	0.0 	0.0 	0.0 	0.0 	0.0 	0.0 	0.5 	0.5 	1.0 	0.0 	0.5 	0.0 	0.0 	1.0 	0 	0 	1.0 	0.0
Joe Harris
	CLE 	24 	5 	5 	0 	3.0 	0.2 	0.8 	25.0 	0.2 	0.8 	25.0 	0.0 	0.0 	0.0 	0.0 	0.6 	0.6 	0.4 	0.2 	0.0 	0.0 	0.2 	0 	0 	0.6 	-4.2
Jordan Mickey
	BOS 	21 	15 	8 	7 	3.6 	0.5 	1.3 	40.0 	0.0 	0.0 	0.0 	0.3 	0.7 	50.0 	0.4 	0.5 	0.9 	0.1 	0.1 	0.0 	0.7 	0.3 	0 	0 	1.4 	1.0
Kevon Looney
	GSW 	20 	5 	4 	1 	4.1 	0.8 	1.4 	57.1 	0.2 	0.4 	50.0 	0.0 	0.0 	0.0 	0.8 	1.2 	2.0 	0.0 	0.2 	0.0 	0.0 	0.4 	0 	0 	1.8 	-4.4
Luis Montero
	POR 	23 	11 	5 	6 	3.0 	0.5 	1.5 	31.3 	0.1 	0.6 	14.3 	0.3 	0.4 	75.0 	0.0 	0.3 	0.3 	0.1 	0.3 	0.0 	0.0 	0.1 	0 	0 	1.3 	-2.6
Nazr Mohammed
	OKC 	38 	5 	5 	0 	3.9 	0.6 	1.0 	60.0 	0.0 	0.0 	0.0 	0.4 	0.4 	100 	0.2 	0.6 	0.8 	0.0 	0.6 	0.0 	0.0 	0.8 	0 	0 	1.6 	-0.6
Steve Novak
	MIL 	32 	10 	8 	2 	4.4 	0.8 	1.8 	44.4 	0.7 	1.5 	46.7 	0.1 	0.1 	100 	0.0 	0.5 	0.5 	0.0 	0.1 	0.0 	0.0 	0.3 	0 	0 	2.4 	0.7
Thanasis Antetokounmpo
	NYK 	23 	2 	1 	1 	3.1 	1.5 	2.0 	75.0 	0.0 	0.5 	0.0 	0.0 	0.0 	0.0 	0.0 	0.5 	0.5 	0.0 	0.0 	0.0 	0.0 	1.0 	0 	0 	3.0 	-3.0

