navn         poeng     returer     assist  steals  blocks  FT%     PF
matt          7.7     5.8         10.2    4.2     0.5     47.1    3.3
Bja           1.7     2.2         2.2     1.6     0       42.9    1.9
Are           2.7     3.1         0.4     0.6     0.2     16.7    1.1
Lehne         11.4    13.4        3.0     3.0     0.7     37.5    2.7
Pelle         4.3     4.8         0.9     0.7     0.0     50      1.9
Lars          16.8    18.7        2.9     2.4     1.3     45.1    2.7
Thomas        5.1     6.5         3.1     1.6     0.2     48.4    1.9
Mirza         18.4    3.6         4.8     3.3     0.2     66.1    2.7
bjorn         0       1.2         0.7     0.2     0       0       1.7
Jon           1.4     2.3         0.3     0.2     0       25      0.6
Grege         0.7     3.0         1.7     3.7     0.3     0       2.3
Jonas         2.4     7.0         1       1.4     0.3     15.8    2.3
Herman        3.9     2.9         0.6     2.0     0.4     41.2    2.4
Andreas       0.5     2           0       0.3     0       83.33333333333334     1.5
